1003215282 1
1005952640 2
1006928515 3
1007260806 3
1008024276 4
1008102479 2
1008369339 4
1008391068 4
1008693605 4
1008966615 3
1008970563 3
1009371535 4
1009578838 4
1010044978 4
1010235132 2
1010437434 4
1011970102 3
1013040388 5
1013066710 5
1013416147 5
1013757060 4
1013779115 4
1014102651 4
1014223948 4
1014457195 4
1014461486 4
1014465452 4
1014465588 4
1014465666 4
1014474192 4
1014802430 2
1015143077 5
1015458774 2
1015479949 6
1017547830 5
1020608279 5
1035393986 4
1036257907 3
1036503560 2
1036637830 5
1036646944 5
1036987921 3
1037612992 1
1039063931 4
1039068185 4
1039085109 4
1039400642 4
1039426238 4
1039685005 1
1039754434 4
1041071176 4
1041075688 4
1041666949 5
1042116109 4
1042366365 1
1042724993 5
1044800536 4
1044805646 4
1044918145 4
1045141938 4
1045268099 4
1048250312 5
1048289014 1
1048975307 4
1049247113 5
1049261193 5
1049946735 5
1050249353 5
1050581215 5
1050922195 3
1050935614 5
1051980223 5
1065284812 2
1066516552 4
1068436695 2
1068777508 2
1069002537 2
1070103072 4
1070103331 4
1070141508 2
1070422316 4
1070651567 5
1071121755 4
1071496918 4
1071760480 4
1071769518 4
1072063538 1
1072455791 4
1072503099 4
1072507501 4
1072533980 4
1072779298 4
1072779568 4
1072874511 4
1073069488 3
1073314797 3
1075598224 4
1075611602 4
1076173414 3
1076185604 4
1076198559 4
1081957306 2
1099043553 2
1099389583 3
1100085251 2
1100801188 4
1101142083 4
1101474458 5
1102191395 4
1102795781 4
1102804327 4
1104155212 4
1104790425 6
1106888382 4
1106944058 1
1107561814 2
1107566171 4
1107566252 4
1111757266 6
1112443807 5
1130783454 2
1132168616 4
1132168736 4
1132176882 4
1132406255 7
1133562752 4
1133839128 4
1134140939 5
1134849078 4
1135881013 4
1135898324 4
1135941181 4
1135941581 4
1135984965 4
1136252170 4
1136852717 3
1137590955 2
1138026774 4
1138212774 3
1138587910 2
1138915459 2
1139909038 2
1140923511 2
1144761556 5
1158402729 5
1158691908 2
1160073701 5
1161459105 3
1162534149 2
1162862710 5
1163552692 4
1164503211 2
1164545788 4
1164882751 4
1165305889 4
1166674437 4
1167235473 4
1167235720 4
1168915489 2
1170352367 5
1170645699 2
1172031461 6
1173029301 3
1175433492 5
1192922295 2
1193599901 2
1195891557 4
1195999722 4
1199327859 4
1200014419 2
1200554295 3
1200619473 3
1201659335 2
1204063702 5
1220412108 2
1220434040 3
1223274640 2
1223388206 2
1224591253 4
1226206190 2
1230095228 4
1232038141 2
1257629175 4
1260197431 2
1260197510 2
1260542968 2
1260883995 2
1261129711 4
1262360335 2
1263646693 2
1283173461 2
1284312505 2
1285343852 2
1288953551 3
1289359184 5
1291142212 4
1291374677 4
1292027772 3
1292083252 4
1295855722 7
1300276335 5
1311487571 4
1313849992 2
1316245799 6
1320480289 4
1323454861 4
1325133618 2
1325138116 2
1325405571 2
1325479712 2
1330008281 5
1331311183 5
1343891368 4
1344275238 5
1345061120 4
1345596879 2
1351065769 4
1353043462 2
1356173442 2
1362674294 2
1374649768 2
1387527359 2
1387868622 2
1387881882 2
1388223120 2
1407139453 3
1407398468 3
1407783264 2
1410516394 2
1415829386 3
1418572258 2
1418924735 2
1419909152 2
1439754917 2
1444351896 2
1446527869 3
1448591766 2
1448794542 2
1449606569 2
1449611593 2
1455438367 5
1465630554 5
1470065021 5
1479618250 2
1480653743 2
1481340761 2
1498379140 2
1501820626 2
1504207129 5
1506382974 3
1507933560 2
1510648834 2
1511016097 2
1512029563 2
1512034076 2
1512707390 5
1533226802 2
1533542078 2
1534270924 2
1534721340 2
1535791554 2
1541338954 5
1543949467 1
1570111396 4
1570922129 3
1598011458 2
1600489166 2
1605181883 2
1605842920 5
1623262447 2
1628062270 2
1629383757 2
1632055020 3
1637171546 2
1666561406 2
1669255212 2
1671952694 6
1692782686 3
1696897255 2
1716082078 2
1719953914 3
1722164148 3
1728942250 2
1733370882 2
1748666238 2
1753523046 3
1757612027 2
1785931916 2
1787636059 2
1811163357 2
1811163598 2
1812493277 3
1814604278 2
1817712927 3
1820005073 2
1843536369 2
1875284107 2
1877667406 1
1882009576 3
1883042152 2
1914460817 6
1916485259 6
1933892078 2
1942806972 6
1943147567 6
2034477252 2
2067847820 3
2147677469 3
2216261919 2
263674097 6
266187480 7
266187559 7
267214250 7
267223104 7
267551639 1
267564140 7
267896360 7
296199021 3
296203324 3
296203325 3
296203392 3
296203434 3
296203440 3
296531366 3
296535619 3
296535655 3
296855409 4
296859399 4
296885362 6
297217528 4
297230760 7
297563139 1
297580589 7
297584869 7
297588995 7
297908595 4
297917363 7
297917364 4
297917459 7
297917475 7
297921608 7
297934349 7
297938585 7
297947227 7
298241038 4
298254474 4
298254517 7
298258354 7
298258399 3
298258513 7
298258611 7
298262408 7
298262599 4
298262663 7
298266903 4
298599271 7
298603633 4
298603693 7
298603730 4
298612190 7
298927362 4
298944444 4
298944479 4
298957166 7
299289811 6
299290105 1
299617529 4
324721026 4
324725187 3
325743813 6
326253554 1
326474963 3
326879917 4
326884223 3
326884331 3
326888609 7
326888627 3
326888675 7
327587644 1
327588074 1
327588446 1
327881747 7
327933008 1
327933027 1
327933061 7
327937506 7
328010530 1
328244591 4
328265389 7
328274638 7
328278449 7
328533761 6
328611654 7
328935472 4
328939480 4
328943204 4
329225149 7
329301513 7
329301762 4
329566174 4
329566197 7
329638509 4
329646990 6
329970706 4
329983926 4
329988112 4
330316013 7
330319983 7
330415332 1
330640044 4
330678844 3
331343089 4
356429209 3
356878521 1
357250238 1
357573154 4
357581846 3
357599074 7
358264919 4
358639742 1
358847551 1
359317340 4
359744514 7
359931311 7
360268385 7
360310976 4
360349882 7
360591860 7
360677632 1
360690414 1
360773196 6
361005850 4
361312808 7
361341837 4
361364000 4
361376643 4
361445621 6
361700674 6
361722354 3
362299997 7
362719326 1
386833850 1
386877197 3
387568523 6
387939094 1
387952104 7
388267095 3
388280249 3
388293131 1
389311717 4
390003153 7
390330983 4
390331214 4
390352384 7
390473497 1
390590450 7
391016873 7
391610069 3
391971839 6
392389970 4
392821837 7
393063351 1
393776005 7
394095053 4
416876055 1
417221397 4
417558532 1
417908800 1
418175238 3
418503161 3
418607079 3
418607328 4
418607477 4
418969956 1
418970154 3
418987009 1
419345606 1
420010739 4
420325753 4
420351087 1
420351828 1
420586101 1
420666689 4
420688241 4
420696828 7
420723066 1
421041565 5
421055181 7
421405157 1
422056477 4
422056521 4
422419397 7
422622063 7
422738252 4
422742649 4
422751191 6
423096449 4
423749262 4
423792217 7
424193116 4
424250610 4
424434994 4
424443911 7
424452682 4
424792976 4
424793122 4
424918786 6
425104178 6
425143700 7
425148091 7
425471220 6
447599745 1
447872055 4
448342846 5
448869118 7
449205588 6
449244969 1
449288517 1
449296930 1
449685778 1
450034902 1
451049385 7
451062462 7
451365099 4
451390676 7
451662040 7
451722668 1
451995306 6
451995734 6
452340995 7
452689494 7
452771913 7
453108601 7
453130054 1
453457927 1
453527730 1
453536107 7
454477603 1
454481372 7
454787848 6
454822542 3
455155337 5
455159380 7
455500416 7
456187010 7
456506289 7
456523994 7
456833888 6
456847092 7
456847100 7
457520516 7
478591447 5
479260891 4
479908320 1
480029788 1
480258208 5
480328501 1
480387478 1
480681197 1
480987689 1
481035392 3
481070027 1
481191030 1
481295335 3
481359062 1
481371769 3
481390070 4
481394217 7
481406868 1
481731074 7
481747302 1
482417237 7
482732443 6
483017681 6
483720758 7
483797945 4
484130600 6
484134987 7
484147730 7
484368420 6
484735637 6
484821546 7
484829654 4
484890037 1
485511772 1
485589846 5
485628489 1
485745069 7
485934965 1
486185442 7
486255488 7
486544396 7
486842208 4
486876782 5
487187476 6
487212916 7
487286529 1
487541595 7
487882168 7
487882906 7
487899426 7
487925063 6
487968933 4
488231898 3
488572496 7
488581156 1
488922181 5
508689623 5
509924185 3
509928946 6
509945954 3
510049477 4
510278853 7
510676580 3
510680365 1
511660697 3
511685969 3
512014262 1
512765816 7
512787296 7
513344531 3
513668146 3
514043443 3
514068564 6
514116545 4
514475106 4
514708179 1
514807275 4
514816333 4
514833145 7
514842241 1
514850616 3
515092013 3
515152792 4
515524209 7
515588291 1
515869245 7
516163285 1
516283789 7
516287961 7
516288120 7
516551382 7
516780722 7
516806504 7
516844782 6
516965856 5
517242832 1
517578770 7
517587356 7
517838657 6
517872280 6
517910959 4
517915796 7
517916020 7
518217691 7
518269350 7
518558825 5
518598175 7
518861029 6
518930199 3
519004170 7
519046655 4
519616809 6
540972196 7
541011631 1
541697718 3
542376096 1
542410481 3
542691005 1
542699260 3
543049093 1
543062097 1
543092817 3
543135607 7
543412036 3
543433461 4
543821838 1
544037996 3
544038123 5
544158940 4
544265891 1
544611593 1
544706811 3
545289059 4
545444996 3
545501062 1
545510060 4
545535468 1
545626238 4
545903200 1
545906392 7
545966857 4
545967081 4
545971196 4
546080131 3
546217818 7
546303917 7
546316427 4
546559025 7
546641039 1
546661879 4
546661881 4
547158593 7
547227734 3
547240545 7
547258283 1
547318128 3
547551580 3
547552266 5
547565159 4
547659321 7
547927681 1
548225503 3
548570973 5
548678665 7
548712377 7
548937579 7
548963433 7
548993536 1
549161688 6
549269622 4
549282467 1
549347735 1
549364902 7
549597974 6
549722579 5
550081666 6
550275952 6
550297695 1
550319575 1
550322829 7
550426732 5
550617370 6
550621853 6
550638250 6
550655668 7
550750102 5
550962648 4
550988122 5
551303686 5
551337690 7
551751981 5
551989415 7
571666434 6
573142557 1
573337611 6
573402255 3
574040939 6
574511458 1
574515806 1
574732075 3
574736017 3
575197482 7
575301459 1
575323308 4
575768294 7
576082257 1
576475847 3
576502536 6
576566223 4
576566287 2
576566621 1
576574889 1
576825965 6
576898212 6
577002771 1
577205270 6
577244511 1
577330676 1
577554935 6
577709776 4
578008551 7
578254032 3
578284233 7
578556621 6
578621125 1
578642656 7
578690477 7
578919867 4
578936675 4
579194975 1
579230376 6
579234980 6
579239039 4
579268807 4
579536041 5
579575594 6
579912201 6
579946370 6
580287695 6
580288167 6
580300616 4
580662960 1
580680652 7
580732377 7
580780309 5
581004609 3
581013183 7
581064707 7
581099105 4
5812979948 4
5812980103 4
5812980109 6
5812980142 1
5812980470 3
5812980473 1
5812980494 1
5812980520 5
5812980529 7
5812980658 6
5812980666 6
5812980710 7
5812980743 4
5812980884 1
5812980916 2
5812981016 1
5812981228 1
5812981237 4
5812981381 5
5812981506 1
5812981517 1
5812981791 5
5812982052 3
5812982295 6
5812982324 1
5812982711 2
5812982885 2
5812982994 3
5812983110 5
5812983128 2
5812983240 3
5812983825 5
5812983831 5
5812983878 3
5812984012 4
5812986798 4
5812987034 2
5812989861 4
5812991473 3
5812992091 3
5813008934 7
5813009358 4
5813009578 7
5813009620 7
5813009766 7
5813010212 4
5813010265 7
5813010266 7
5813010279 7
5813010748 7
5813010828 4
5813011074 5
5813011125 4
5813011133 7
5813011165 7
5813011166 7
5813011298 4
5813011320 4
5813011443 1
5813011483 3
5813011486 4
5813011512 3
5813011660 1
5813012136 3
5813012193 7
5813012231 4
5813012786 1
5813012995 3
5813013202 6
5813013630 6
5813013636 7
5813014032 3
5813014391 4
5813014693 4
5813014777 4
5813015068 4
5813015408 3
5813015448 1
5813015594 5
5813016900 4
5813016958 1
5813019560 4
5813020388 2
5813020674 4
5813020676 4
5813020696 1
5813020751 4
5813020785 7
5813020800 4
5813020803 4
5813020817 4
5813020840 7
5813020855 3
5813020857 6
5813020996 6
5813021005 4
5813021046 6
5813021122 2
5813021192 1
5813021223 7
5813021225 1
5813021235 4
5813021238 4
5813021247 4
5813021498 3
5813021564 1
5813021566 1
5813021602 7
5813021899 1
5813022026 2
5813022160 4
5813022257 5
5813022339 1
5813022343 5
5813022375 5
5813022404 6
5813022424 6
5813022429 1
5813022459 6
5813022538 2
5813022759 5
5813022814 3
5813022915 5
5813022923 4
5813022976 5
5813024852 2
5813026589 7
5813026661 7
5813026705 7
5813026785 3
5813027592 4
5813027737 5
5813032709 3
5813033379 3
5813033443 7
5813035328 7
5813035694 3
5813038579 2
5813039906 4
5813040000 4
5813040037 1
5813040190 5
5813040712 1
5813040766 3
5813041169 6
5813041237 2
5813041304 2
5813041525 4
5813041610 4
5813041684 4
5813046658 1
5813046951 7
5813047739 1
5813048229 3
5813048745 3
5813049378 7
5813049907 7
5813049946 1
5813050455 7
5813050772 2
5813052205 6
5813053669 2
5813053860 3
5813053923 2
5813054079 5
5813054659 5
5813055298 2
5813055535 3
5813055749 4
5813055768 7
5813055769 7
5813055800 6
5813055817 1
5813055949 7
5813055999 4
5813056041 7
5813056054 7
5813056057 5
5813056071 1
5813056101 5
5813056168 7
5813056257 3
5813056881 4
5813056917 1
5813056944 1
5813057162 3
5813057245 2
5813057461 5
5813057464 4
5813057481 3
5813057861 4
5813057864 7
5813057933 3
5813057973 3
5813058050 5
5813058222 3
5813058272 3
5813058319 5
5813058320 5
5813058350 3
5813060068 2
5813060701 4
5813060768 1
5813061024 2
5813061112 3
5813061114 5
5813061260 4
5813061642 1
5813062838 5
5813062858 4
5813063093 1
5813063137 3
5813063524 5
5813063587 3
5813063829 1
5813064332 1
5813065004 5
5813065365 4
5813065519 1
5813067732 1
5813067963 2
5813068484 3
5813068575 4
5813068748 2
5813068769 5
5813069512 2
5813069630 3
5813070569 2
5813071068 3
5813071078 1
5813071257 3
5813071348 1
5813071370 7
5813075619 4
5813075692 3
5813075875 3
5813075932 1
5813076043 4
5813076392 2
5813077469 1
5813077929 5
5813078571 1
5813078641 5
5813079192 5
5813079417 1
5813080768 1
5813081474 5
5813081849 3
5813081864 4
5813082239 2
5813082780 4
5813083779 5
5813083780 5
5813087620 3
5813087891 2
5813087953 7
5813087991 3
5813088784 2
5813089157 5
5813092990 7
5813094560 2
5813094811 6
5813096198 3
5813096913 3
5813097020 2
5813097634 3
5813097926 3
5813098223 5
5813098975 3
5813103626 4
5813105726 1
5813105778 5
5813108129 3
5813109327 4
5813111272 1
5813117385 5
5813123585 6
5813124162 1
5813126031 2
5813129271 4
5813129453 6
5813130366 4
5813132515 1
5813133463 5
5813134082 4
581336531 6
581358486 7
581409749 7
581414714 1
581652283 7
581746661 5
581790318 1
581962275 1
582027783 5
582381054 1
582696254 7
582700300 7
583132200 1
5901192948 6
5901193720 2
5901195945 7
5901196319 4
5901196628 1
5901201909 7
5901203310 7
5901203505 7
5901212906 6
5901213440 6
5901213624 4
5901215966 1
5901218930 5
5901221890 7
5901225755 2
5901227238 2
5901232053 1
602071049 1
603068370 3
603167111 2
603482385 1
604070433 7
604195247 1
604289581 4
604709727 6
604864322 1
604976663 6
605166418 7
605550395 1
605554875 1
606103219 3
606193500 1
606340818 1
606461310 6
606703149 4
607221569 6
607251100 3
607273128 1
607273339 1
607597135 3
607925257 3
607929192 1
607933758 4
607938091 3
607955261 1
608261812 4
608278754 3
608283432 4
608369629 7
608602824 1
609513630 3
609591880 6
609591891 6
609591989 6
609655670 1
609656444 3
609660480 7
609893831 1
609975449 3
609979769 3
609992451 7
609993550 1
610018976 1
610113424 4
610312734 5
610321430 3
610321522 3
610338229 7
610342229 7
610351307 3
610666582 1
610670860 7
610722297 1
610981555 4
610981584 6
611015907 1
611016455 7
611020135 7
611029037 3
611037750 5
611089775 5
611340150 1
611343891 7
611357256 7
611361002 3
611361058 7
611365952 7
611629428 6
611693656 3
611728142 7
611810783 6
612034653 3
612307129 4
612336669 6
612367371 6
612371421 6
612712334 6
612742137 5
612742165 5
612742224 5
612742229 5
612742298 5
612742316 5
612746557 5
612746670 5
612755343 5
612777140 7
613040803 5
613044611 6
613066879 6
613079053 6
613083298 5
613083317 5
613394707 3
614081109 7
614413183 3
634879889 1
635541640 1
635878327 1
635890732 5
635895000 1
635908014 1
636344136 1
636594376 1
636667489 1
636944318 1
637008792 1
637393228 1
637475264 3
637621553 1
638040562 3
638152829 3
638985608 1
639008013 1
639063702 7
639275368 6
639327084 1
639405054 1
639650941 3
639655157 2
639655378 3
639659397 1
639995972 4
6400000773 7
640276971 3
640596169 6
640665331 4
640691030 1
640691209 3
640963528 6
641373426 7
641688553 6
641709401 7
641709938 6
641714522 3
642024743 6
642046803 3
642387775 3
642387793 3
642504699 6
642509080 4
642651049 4
642715563 3
642715875 3
642723975 6
642724189 3
642732835 6
642763119 7
643039876 7
643052767 3
643060819 3
643073880 7
643152220 7
643329030 4
643389529 1
643393020 3
643393688 3
643401816 3
643402037 3
643721915 3
643739027 6
643743142 6
643773259 5
643794320 5
644083764 6
644113913 5
644148661 5
644153089 5
644425543 3
644433538 5
644450565 5
644757911 3
644761952 3
644788121 5
645086558 1
645111897 3
645449236 3
665479890 6
666200256 7
666575508 1
666994301 2
667266529 6
667271225 1
668285416 4
668967527 5
669088684 6
669421910 1
669649730 2
669649736 4
669670654 3
669965108 6
669978138 3
670020922 1
670089878 1
670353202 1
670357457 3
670370149 1
670370239 1
670703141 1
670883838 3
671035328 3
671234167 1
671345931 4
671657343 6
671660941 6
671751354 7
671756253 1
671795298 7
672041363 6
672092798 1
672407642 3
672429275 5
672494647 3
672598344 3
672697926 6
672723441 4
673068602 3
673085574 3
673090000 3
673405506 5
673426911 6
673435566 5
673509195 6
673758836 3
673772244 6
673772290 5
674069555 4
674096140 6
674108632 1
674108802 6
674423996 4
674427795 3
674446014 6
674532291 1
674781866 3
674882302 5
675127699 5
675127915 2
675144908 5
675166212 3
675187531 5
675447609 3
675490204 3
675528661 5
675767414 4
675800901 6
675809900 2
675822559 3
675822802 5
675887521 6
676133767 2
676138357 6
676479156 3
676479217 3
676824431 3
695500178 6
696617609 1
697265869 3
697269889 1
697316795 5
697939194 1
698314499 1
698443880 1
698742094 1
698979607 1
698996246 1
699178922 6
699358695 1
699363923 3
699463239 4
699687305 1
699695617 1
699998408 2
700037217 1
700335140 1
700377995 1
700481649 6
700658962 6
700683875 4
700982749 6
701345660 4
701371011 2
701383309 4
701469455 1
701733434 3
701742479 1
702069970 3
702079023 3
702079135 3
702152113 1
702199343 3
702389193 4
702506641 3
702730227 4
702760942 3
702882168 1
703059097 6
703101952 3
703179848 5
703387200 6
703438567 3
703520999 3
703779386 3
703857506 5
703866010 3
704111734 3
704116248 6
704453006 3
704466265 6
704548608 1
704552421 3
704785058 2
704785256 5
704785546 4
704816317 1
705217250 7
705234668 5
705462899 6
705463175 4
705463539 4
705471952 2
705554385 1
705787638 6
705795727 5
705816818 6
706176085 5
706451920 6
706473389 3
706508078 6
706520453 3
706819341 6
706948318 6
707854620 3
707854989 3
707858790 3
707863263 3
708187441 3
708208811 1
708545526 3
7112622044 5
725701350 6
727929407 3
728625156 4
728667734 1
728974338 4
729007988 3
729358056 3
729698667 3
730001920 3
730006122 2
730104740 1
730147972 1
730398148 1
730398229 3
730692294 6
730721558 1
731062953 3
731688775 6
731689147 6
732059827 4
732077752 3
732163357 1
732431788 3
732777416 1
733182574 1
733192083 1
733399215 6
733458828 5
733796382 3
733834095 1
734132592 3
734327429 3
734408687 6
734473582 3
734491001 7
734599550 6
734754585 6
734814622 2
735488299 2
735941254 6
736109737 6
736140238 5
736174181 5
736433303 1
736791573 1
736830579 6
736860990 3
737189212 1
737491049 4
737491087 4
737824168 2
737832306 2
737892940 3
738246510 3
739213376 3
739256609 1
739567785 3
739572008 5
757538997 3
758674661 6
758955666 1
758977730 1
758990648 3
759667315 1
759681018 2
760021137 3
760268555 6
760323253 3
760358472 3
760397222 3
760729207 3
761040902 2
761096077 1
761537199 1
761843188 1
762037782 5
762058745 6
762274975 6
762745906 4
763086729 6
763116811 3
763186493 1
764144161 3
764148834 3
764153172 3
764817903 2
765145895 4
765245188 1
765504308 2
765564814 7
766186252 5
766255970 6
766385551 1
767455273 3
767473384 5
767903933 5
767904550 5
768590452 3
769199010 6
769263962 5
769268002 5
769355285 5
769670101 5
769924974 5
770249286 3
789130596 2
789398359 1
790405385 4
790417325 1
790417660 1
790641825 6
790741191 3
790982851 6
791043906 5
791427589 3
791527493 3
792062042 5
792175182 1
792450754 3
793797279 5
794462286 6
794466376 6
794945765 4
794946803 4
794967711 5
795187525 1
795546494 1
795826923 6
796193592 2
796393522 3
796543393 5
796599303 7
796755936 3
796889169 5
797194962 6
797255293 1
797277919 6
797281464 5
798939240 5
799263200 5
799521639 3
799578347 6
799586652 6
800212579 3
800212976 5
800233950 3
800238269 5
800303089 5
800373114 5
800588608 5
800622401 6
800925392 3
800937779 6
801257348 1
801283077 2
820856412 1
821418392 5
821686394 1
821728921 1
821729208 1
821729315 3
821729349 1
821729374 3
822078542 5
822376419 1
822380754 1
822428009 5
822461999 3
822505389 3
823058891 1
823852745 1
823879266 1
824115747 1
824349873 6
824457714 1
825489724 6
825822254 2
826136822 6
826659627 4
826844892 6
827673856 3
827889523 6
827911067 4
828282250 1
828316115 1
828316308 1
828316734 6
828934059 5
828955389 3
829050526 5
829279239 6
829636950 5
829693574 5
830634936 6
831291329 6
832646151 3
833043564 3
850181951 4
851110676 2
851114700 2
852422640 3
852763122 1
853173648 2
853437941 3
853514696 3
854883067 2
855147657 5
855493136 5
855638407 1
858453703 2
858604499 2
858906840 6
859265651 6
859381489 4
859665971 1
859688555 1
860305498 4
861005020 5
861065482 5
861251038 3
861251942 3
861583205 6
861665641 6
862010850 2
862278897 3
862671913 6
862697175 6
862722715 5
863059358 1
863698974 6
881220948 4
882239837 4
882922539 2
883500704 4
884123412 3
884636075 1
885253534 4
885257938 4
885262090 4
885262118 4
887230673 2
887588829 3
887640858 1
887921032 2
888146447 3
889863729 1
890197225 1
890425079 4
890671753 4
891663788 2
891771553 5
892376241 5
892376440 5
892385258 5
892398461 2
892722090 5
893338771 3
893710296 6
893741163 5
893754136 5
894020730 6
894362173 2
894380152 5
894702888 2
894724798 6
895091952 5
895441451 6
910451489 2
911569552 2
912583959 4
913681721 2
914298735 2
914466864 3
914778159 2
914850280 1
915188031 3
915273417 4
915503330 2
915520244 3
915605802 4
915623395 4
915946994 4
915951309 4
915960293 4
915964748 4
916456567 3
916637896 4
916646779 4
917298286 1
917643796 1
917919724 6
919168397 1
920869856 5
920873167 5
922302296 3
922595498 3
922643119 3
922992588 3
923415956 5
923761285 5
924049792 6
924737391 6
924788221 5
925241334 5
925799233 7
925811326 5
925824977 1
926490072 5
940791248 4
945354221 1
946300310 4
946308462 4
947003647 4
947573616 3
947582284 2
947681334 4
947681560 4
947681574 4
947685653 4
947858895 6
947862945 6
947898091 3
948851462 3
951645198 3
951808062 4
952374245 2
952525648 2
952724101 6
953013850 3
953410147 6
953414780 5
954705691 3
956126012 6
956518968 2
958197533 5
975197713 5
976934253 1
976964834 3
976994022 4
977002560 4
977339122 4
977339225 4
977352235 4
977413163 2
977598865 3
977697611 4
978056035 1
978681977 4
978686129 4
978971398 5
979066072 4
979368408 4
980978890 5
980982986 5
981000564 1
982070626 4
982389963 2
983067799 4
983093876 4
983426636 4
983430664 4
983767417 2
983767602 4
984536209 5
984799284 5
984833702 1
986089634 2
986098785 3
986974738 6
987117151 2
987273073 6
988567837 5
988909130 5
989228019 5
