1003215282 1
1005952640 2
1006928515 3
1007260806 4
1008024276 5
1008102479 1
1008369339 5
1008391068 5
1008693605 5
1008966615 3
1008970563 4
1009371535 5
1009578838 6
1010044978 6
1010235132 7
1010437434 5
1011970102 8
1013040388 9
1013066710 10
1013416147 10
1013757060 11
1013779115 11
1014102651 5
1014223948 5
1014457195 5
1014461486 5
1014465452 5
1014465588 5
1014465666 5
1014474192 5
1014802430 12
1015143077 10
1015458774 13
1015479949 5
1017547830 10
1020608279 10
1035393986 5
1036257907 14
1036503560 13
1036637830 15
1036646944 10
1036987921 2
1037612992 4
1039063931 5
1039068185 5
1039085109 5
1039400642 5
1039426238 5
1039685005 1
1039754434 5
1041071176 5
1041075688 6
1041666949 10
1042116109 6
1042366365 1
1042724993 1
1044800536 5
1044805646 5
1044918145 5
1045141938 5
1045268099 5
1048250312 16
1048289014 17
1048975307 5
1049247113 10
1049261193 10
1049946735 10
1050249353 17
1050581215 10
1050922195 8
1050935614 10
1051980223 10
1065284812 1
1066516552 11
1068436695 18
1068777508 12
1069002537 12
1070103072 5
1070103331 5
1070141508 19
1070422316 5
1070651567 10
1071121755 5
1071496918 5
1071760480 5
1071769518 5
1072063538 20
1072455791 5
1072503099 11
1072507501 5
1072533980 6
1072779298 5
1072779568 6
1072874511 6
1073069488 9
1073314797 7
1075598224 5
1075611602 5
1076173414 8
1076185604 5
1076198559 11
1081957306 12
1099043553 12
1099389583 8
1100085251 3
1100801188 5
1101142083 11
1101474458 10
1102191395 5
1102795781 6
1102804327 5
1104155212 5
1104790425 21
1106888382 5
1106944058 22
1107561814 12
1107566171 11
1107566252 11
1111757266 23
1112443807 10
1130783454 19
1132168616 5
1132168736 5
1132176882 11
1132406255 24
1133562752 5
1133839128 6
1134140939 25
1134849078 5
1135881013 6
1135898324 5
1135941181 11
1135941581 5
1135984965 6
1136252170 5
1136852717 9
1137590955 12
1138026774 5
1138212774 9
1138587910 12
1138915459 12
1139909038 16
1140923511 16
1144761556 10
1158402729 10
1158691908 1
1160073701 10
1161459105 8
1162534149 26
1162862710 10
1163552692 11
1164503211 1
1164545788 5
1164882751 5
1165305889 5
1166674437 5
1167235473 6
1167235720 6
1168915489 16
1170352367 10
1170645699 12
1172031461 25
1173029301 8
1175433492 8
1192922295 1
1193599901 18
1195891557 5
1195999722 5
1199327859 5
1200014419 12
1200554295 27
1200619473 28
1201659335 29
1204063702 7
1220412108 16
1220434040 8
1223274640 12
1223388206 13
1224591253 5
1226206190 1
1230095228 5
1232038141 12
1257629175 5
1260197431 12
1260197510 12
1260542968 12
1260883995 12
1261129711 6
1262360335 16
1263646693 12
1283173461 30
1284312505 12
1285343852 3
1288953551 1
1289359184 10
1291142212 5
1291374677 5
1292027772 9
1292083252 11
1295855722 25
1300276335 16
1311487571 11
1313849992 30
1316245799 23
1320480289 5
1323454861 5
1325133618 12
1325138116 12
1325405571 12
1325479712 12
1330008281 10
1331311183 10
1343891368 5
1344275238 2
1345061120 5
1345596879 18
1351065769 5
1353043462 16
1356173442 12
1362674294 18
1374649768 1
1387527359 31
1387868622 32
1387881882 12
1388223120 12
1407139453 33
1407398468 3
1407783264 1
1410516394 1
1415829386 9
1418572258 12
1418924735 12
1419909152 12
1439754917 34
1444351896 16
1446527869 9
1448591766 16
1448794542 35
1449606569 12
1449611593 12
1455438367 36
1465630554 10
1470065021 10
1479618250 16
1480653743 12
1481340761 12
1498379140 32
1501820626 37
1504207129 10
1506382974 1
1507933560 38
1510648834 16
1511016097 12
1512029563 12
1512034076 12
1512707390 10
1533226802 1
1533542078 38
1534270924 12
1534721340 12
1535791554 35
1541338954 15
1543949467 20
1570111396 5
1570922129 9
1598011458 10
1600489166 16
1605181883 16
1605842920 16
1623262447 4
1628062270 18
1629383757 18
1632055020 9
1637171546 16
1666561406 16
1669255212 16
1671952694 23
1692782686 9
1696897255 37
1716082078 18
1719953914 39
1722164148 40
1728942250 16
1733370882 41
1748666238 14
1753523046 33
1757612027 12
1785931916 18
1787636059 18
1811163357 1
1811163598 1
1812493277 9
1814604278 18
1817712927 8
1820005073 16
1843536369 42
1875284107 18
1877667406 20
1882009576 9
1883042152 43
1914460817 18
1916485259 18
1933892078 1
1942806972 18
1943147567 18
2034477252 44
2067847820 9
2147677469 9
2216261919 45
263674097 23
266187480 46
266187559 46
267214250 47
267223104 46
267551639 47
267564140 46
267896360 46
296199021 8
296203324 8
296203325 8
296203392 8
296203434 8
296203440 8
296531366 8
296535619 8
296535655 8
296855409 6
296859399 6
296885362 46
297217528 6
297230760 46
297563139 20
297580589 46
297584869 46
297588995 48
297908595 5
297917363 46
297917364 49
297917459 46
297917475 46
297921608 46
297934349 46
297938585 46
297947227 47
298241038 46
298254474 50
298254517 46
298258354 46
298258399 8
298258513 46
298258611 46
298262408 46
298262599 51
298262663 46
298266903 46
298599271 46
298603633 6
298603693 46
298603730 51
298612190 46
298927362 50
298944444 5
298944479 46
298957166 46
299289811 23
299290105 20
299617529 50
324721026 52
324725187 8
325743813 23
326253554 20
326474963 8
326879917 53
326884223 8
326884331 8
326888609 46
326888627 8
326888675 46
327587644 20
327588074 54
327588446 20
327881747 46
327933008 20
327933027 20
327933061 46
327937506 46
328010530 20
328244591 51
328265389 46
328274638 55
328278449 46
328533761 23
328611654 46
328935472 49
328939480 51
328943204 51
329225149 46
329301513 46
329301762 50
329566174 5
329566197 46
329638509 6
329646990 23
329970706 49
329983926 5
329988112 51
330316013 46
330319983 56
330415332 20
330640044 51
330678844 36
331343089 51
356429209 8
356878521 20
357250238 6
357573154 53
357581846 8
357599074 46
358264919 50
358639742 20
358847551 20
359317340 50
359744514 47
359931311 46
360268385 56
360310976 51
360349882 46
360591860 46
360677632 20
360690414 20
360773196 36
361005850 51
361312808 46
361341837 11
361364000 51
361376643 51
361445621 23
361700674 57
361722354 8
362299997 55
362719326 54
386833850 20
386877197 8
387568523 23
387939094 28
387952104 46
388267095 8
388280249 8
388293131 58
389311717 51
390003153 46
390330983 49
390331214 49
390352384 46
390473497 36
390590450 46
391016873 46
391610069 8
391971839 59
392389970 12
392821837 46
393063351 20
393776005 46
394095053 51
416876055 20
417221397 51
417558532 20
417908800 20
418175238 8
418503161 8
418607079 8
418607328 53
418607477 25
418969956 28
418970154 8
418987009 54
419345606 20
420010739 56
420325753 50
420351087 20
420351828 20
420586101 20
420666689 53
420688241 51
420696828 46
420723066 20
421041565 10
421055181 60
421405157 20
422056477 50
422056521 51
422419397 46
422622063 46
422738252 51
422742649 51
422751191 23
423096449 56
423749262 11
423792217 46
424193116 51
424250610 61
424434994 51
424443911 46
424452682 51
424792976 51
424793122 51
424918786 23
425104178 23
425143700 47
425148091 46
425471220 46
447599745 20
447872055 51
448342846 10
448869118 62
449205588 23
449244969 20
449288517 20
449296930 28
449685778 20
450034902 20
451049385 46
451062462 46
451365099 5
451390676 46
451662040 46
451722668 20
451995306 63
451995734 46
452340995 55
452689494 55
452771913 64
453108601 46
453130054 20
453457927 46
453527730 20
453536107 46
454477603 9
454481372 46
454787848 52
454822542 8
455155337 10
455159380 25
455500416 55
456187010 46
456506289 46
456523994 55
456833888 23
456847092 46
456847100 46
457520516 36
478591447 10
479260891 50
479908320 65
480029788 20
480258208 10
480328501 28
480387478 20
480681197 28
480987689 20
481035392 8
481070027 20
481191030 36
481295335 8
481359062 20
481371769 8
481390070 6
481394217 46
481406868 20
481731074 46
481747302 20
482417237 46
482732443 66
483017681 52
483720758 46
483797945 56
484130600 23
484134987 46
484147730 46
484368420 23
484735637 63
484821546 46
484829654 51
484890037 20
485511772 20
485589846 36
485628489 36
485745069 62
485934965 36
486185442 46
486255488 60
486544396 55
486842208 5
486876782 10
487187476 23
487212916 64
487286529 36
487541595 46
487882168 46
487882906 46
487899426 46
487925063 23
487968933 51
488231898 8
488572496 46
488581156 20
488922181 10
508689623 10
509924185 8
509928946 59
509945954 8
510049477 51
510278853 46
510676580 8
510680365 20
511660697 53
511685969 8
512014262 20
512765816 46
512787296 46
513344531 8
513668146 8
514043443 8
514068564 23
514116545 49
514475106 5
514708179 67
514807275 5
514816333 51
514833145 64
514842241 20
514850616 9
515092013 8
515152792 6
515524209 60
515588291 20
515869245 46
516163285 54
516283789 55
516287961 64
516288120 46
516551382 46
516780722 55
516806504 55
516844782 23
516965856 36
517242832 20
517578770 60
517587356 47
517838657 59
517872280 23
517910959 51
517915796 46
517916020 46
518217691 23
518269350 46
518558825 10
518598175 46
518861029 23
518930199 8
519004170 46
519046655 5
519616809 56
540972196 46
541011631 68
541697718 8
542376096 20
542410481 8
542691005 20
542699260 53
543049093 20
543062097 1
543092817 8
543135607 46
543412036 8
543433461 6
543821838 20
544037996 8
544038123 10
544158940 5
544265891 61
544611593 36
544706811 8
545289059 6
545444996 8
545501062 54
545510060 50
545535468 61
545626238 6
545903200 20
545906392 46
545966857 6
545967081 6
545971196 6
546080131 8
546217818 46
546303917 36
546316427 51
546559025 46
546641039 36
546661879 51
546661881 51
547158593 55
547227734 8
547240545 46
547258283 20
547318128 8
547551580 8
547552266 10
547565159 51
547659321 64
547927681 28
548225503 8
548570973 10
548678665 46
548712377 46
548937579 58
548963433 69
548993536 8
549161688 5
549269622 6
549282467 1
549347735 36
549364902 46
549597974 23
549722579 10
550081666 23
550275952 23
550297695 20
550319575 36
550322829 55
550426732 10
550617370 23
550621853 23
550638250 23
550655668 55
550750102 36
550962648 51
550988122 10
551303686 10
551337690 55
551751981 10
551989415 46
571666434 23
573142557 20
573337611 23
573402255 8
574040939 64
574511458 20
574515806 20
574732075 8
574736017 8
575197482 55
575301459 20
575323308 6
575768294 46
576082257 20
576475847 8
576502536 23
576566223 12
576566287 12
576566621 20
576574889 20
576825965 23
576898212 56
577002771 2
577205270 56
577244511 20
577330676 8
577554935 23
577709776 51
578008551 46
578254032 8
578284233 46
578556621 59
578621125 20
578642656 60
578690477 46
578919867 6
578936675 5
579194975 20
579230376 23
579234980 23
579239039 6
579268807 5
579536041 9
579575594 23
579912201 23
579946370 5
580287695 59
580288167 66
580300616 51
580662960 20
580680652 55
580732377 47
580780309 51
581004609 8
581013183 70
581064707 46
581099105 51
5812979948 71
5812980103 71
5812980109 23
5812980142 46
5812980470 8
5812980473 72
5812980494 72
5812980520 10
5812980529 55
5812980658 23
5812980666 23
5812980710 46
5812980743 51
5812980884 20
5812980916 12
5812981016 20
5812981228 20
5812981237 50
5812981381 10
5812981506 20
5812981517 20
5812981791 10
5812982052 8
5812982295 52
5812982324 20
5812982711 12
5812982885 18
5812982994 8
5812983110 10
5812983128 73
5812983240 8
5812983825 10
5812983831 10
5812983878 8
5812984012 3
5812986798 6
5812987034 18
5812989861 11
5812991473 39
5812992091 27
5813008934 46
5813009358 51
5813009578 46
5813009620 10
5813009766 56
5813010212 57
5813010265 46
5813010266 46
5813010279 64
5813010748 46
5813010828 5
5813011074 10
5813011125 5
5813011133 64
5813011165 46
5813011166 46
5813011298 51
5813011320 56
5813011443 6
5813011483 8
5813011486 50
5813011512 8
5813011660 20
5813012136 8
5813012193 46
5813012231 51
5813012786 20
5813012995 8
5813013202 64
5813013630 23
5813013636 70
5813014032 8
5813014391 5
5813014693 5
5813014777 6
5813015068 51
5813015408 8
5813015448 17
5813015594 10
5813016900 5
5813016958 1
5813019560 51
5813020388 16
5813020674 54
5813020676 51
5813020696 20
5813020751 8
5813020785 46
5813020800 51
5813020803 49
5813020817 51
5813020840 46
5813020855 8
5813020857 23
5813020996 23
5813021005 51
5813021046 23
5813021122 35
5813021192 20
5813021223 46
5813021225 20
5813021235 51
5813021238 51
5813021247 5
5813021498 8
5813021564 20
5813021566 20
5813021602 46
5813021899 74
5813022026 12
5813022160 50
5813022257 10
5813022339 36
5813022343 10
5813022375 10
5813022404 73
5813022424 23
5813022429 36
5813022459 52
5813022538 12
5813022759 10
5813022814 9
5813022915 75
5813022923 5
5813022976 34
5813024852 76
5813026589 46
5813026661 46
5813026705 46
5813026785 2
5813027592 51
5813027737 10
5813032709 8
5813033379 3
5813033443 64
5813035328 60
5813035694 9
5813038579 1
5813039906 48
5813040000 6
5813040037 1
5813040190 10
5813040712 20
5813040766 8
5813041169 23
5813041237 12
5813041304 12
5813041525 56
5813041610 5
5813041684 5
5813046658 36
5813046951 47
5813047739 20
5813048229 4
5813048745 77
5813049378 55
5813049907 46
5813049946 28
5813050455 62
5813050772 35
5813052205 64
5813053669 71
5813053860 9
5813053923 12
5813054079 10
5813054659 9
5813055298 18
5813055535 34
5813055749 5
5813055768 46
5813055769 55
5813055800 23
5813055817 20
5813055949 46
5813055999 5
5813056041 46
5813056054 8
5813056057 36
5813056071 20
5813056101 10
5813056168 64
5813056257 8
5813056881 51
5813056917 20
5813056944 20
5813057162 8
5813057245 16
5813057461 10
5813057464 5
5813057481 34
5813057861 5
5813057864 47
5813057933 8
5813057973 8
5813058050 10
5813058222 8
5813058272 9
5813058319 10
5813058320 10
5813058350 8
5813060068 16
5813060701 5
5813060768 20
5813061024 18
5813061112 8
5813061114 10
5813061260 5
5813061642 28
5813062838 10
5813062858 5
5813063093 1
5813063137 8
5813063524 78
5813063587 9
5813063829 1
5813064332 20
5813065004 10
5813065365 5
5813065519 79
5813067732 74
5813067963 4
5813068484 9
5813068575 50
5813068748 35
5813068769 10
5813069512 16
5813069630 9
5813070569 12
5813071068 8
5813071078 20
5813071257 8
5813071348 28
5813071370 36
5813075619 50
5813075692 8
5813075875 8
5813075932 20
5813076043 5
5813076392 13
5813077469 20
5813077929 36
5813078571 36
5813078641 10
5813079192 10
5813079417 20
5813080768 36
5813081474 17
5813081849 8
5813081864 5
5813082239 18
5813082780 51
5813083779 10
5813083780 10
5813087620 34
5813087891 10
5813087953 46
5813087991 8
5813088784 3
5813089157 10
5813092990 60
5813094560 12
5813094811 23
5813096198 50
5813096913 8
5813097020 12
5813097634 8
5813097926 58
5813098223 10
5813098975 9
5813103626 5
5813105726 20
5813105778 10
5813108129 8
5813109327 51
5813111272 36
5813117385 10
5813123585 23
5813124162 20
5813126031 18
5813129271 5
5813129453 52
5813130366 5
5813132515 20
5813133463 10
5813134082 6
581336531 23
581358486 46
581409749 47
581414714 60
581652283 8
581746661 10
581790318 36
581962275 65
582027783 10
582381054 20
582696254 55
582700300 55
583132200 36
5901192948 23
5901193720 12
5901195945 46
5901196319 6
5901196628 20
5901201909 46
5901203310 64
5901203505 55
5901212906 23
5901213440 23
5901213624 51
5901215966 36
5901218930 10
5901221890 46
5901225755 18
5901227238 18
5901232053 20
602071049 20
603068370 8
603167111 12
603482385 20
604070433 55
604195247 54
604289581 51
604709727 23
604864322 20
604976663 80
605166418 55
605550395 20
605554875 20
606103219 8
606193500 28
606340818 36
606461310 64
606703149 2
607221569 23
607251100 8
607273128 20
607273339 28
607597135 8
607925257 8
607929192 20
607933758 5
607938091 8
607955261 20
608261812 51
608278754 8
608283432 51
608369629 46
608602824 20
609513630 8
609591880 23
609591891 23
609591989 23
609655670 20
609656444 8
609660480 46
609893831 20
609975449 8
609979769 8
609992451 46
609993550 20
610018976 61
610113424 51
610312734 10
610321430 8
610321522 8
610338229 46
610342229 46
610351307 9
610666582 20
610670860 46
610722297 60
610981555 51
610981584 23
611015907 20
611016455 46
611020135 46
611029037 8
611037750 10
611089775 36
611340150 20
611343891 8
611357256 46
611361002 8
611361058 46
611365952 46
611629428 23
611693656 8
611728142 55
611810783 66
612034653 8
612307129 5
612336669 52
612367371 23
612371421 23
612712334 23
612742137 10
612742165 10
612742224 10
612742229 10
612742298 10
612742316 10
612746557 10
612746670 10
612755343 10
612777140 69
613040803 10
613044611 23
613066879 25
613079053 23
613083298 10
613083317 10
613394707 9
614081109 55
614413183 64
634879889 20
635541640 28
635878327 28
635890732 67
635895000 20
635908014 20
636344136 36
636594376 20
636667489 20
636944318 20
637008792 61
637393228 28
637475264 8
637621553 20
638040562 8
638152829 56
638985608 8
639008013 20
639063702 46
639275368 23
639327084 81
639405054 36
639650941 8
639655157 12
639655378 8
639659397 20
639995972 51
6400000773 46
640276971 8
640596169 23
640665331 5
640691030 20
640691209 8
640963528 23
641373426 46
641688553 23
641709401 46
641709938 23
641714522 8
642024743 52
642046803 8
642387775 8
642387793 8
642504699 23
642509080 12
642651049 51
642715563 8
642715875 8
642723975 23
642724189 8
642732835 23
642763119 55
643039876 64
643052767 8
643060819 8
643073880 64
643152220 46
643329030 51
643389529 8
643393020 8
643393688 8
643401816 8
643402037 8
643721915 8
643739027 23
643743142 64
643773259 10
643794320 10
644083764 64
644113913 10
644148661 10
644153089 9
644425543 8
644433538 10
644450565 10
644757911 8
644761952 8
644788121 10
645086558 20
645111897 9
645449236 9
665479890 82
666200256 55
666575508 20
666994301 12
667266529 23
667271225 83
668285416 51
668967527 10
669088684 5
669421910 36
669649730 12
669649736 84
669670654 8
669965108 23
669978138 8
670020922 20
670089878 36
670353202 8
670357457 8
670370149 20
670370239 20
670703141 8
670883838 8
671035328 8
671234167 20
671345931 6
671657343 23
671660941 23
671751354 46
671756253 17
671795298 58
672041363 68
672092798 17
672407642 8
672429275 36
672494647 85
672598344 8
672697926 23
672723441 51
673068602 8
673085574 8
673090000 8
673405506 51
673426911 23
673435566 73
673509195 23
673758836 8
673772244 73
673772290 73
674069555 51
674096140 8
674108632 20
674108802 23
674423996 71
674427795 8
674446014 23
674532291 36
674781866 8
674882302 36
675127699 10
675127915 12
675144908 10
675166212 8
675187531 10
675447609 8
675490204 8
675528661 10
675767414 10
675800901 23
675809900 12
675822559 9
675822802 10
675887521 36
676133767 23
676138357 23
676479156 9
676479217 23
676824431 8
695500178 23
696617609 65
697265869 8
697269889 28
697316795 10
697939194 28
698314499 20
698443880 28
698742094 20
698979607 20
698996246 20
699178922 62
699358695 20
699363923 8
699463239 56
699687305 20
699695617 20
699998408 71
700037217 20
700335140 28
700377995 20
700481649 86
700658962 23
700683875 5
700982749 84
701345660 5
701371011 12
701383309 51
701469455 36
701733434 8
701742479 20
702069970 8
702079023 8
702079135 8
702152113 20
702199343 75
702389193 6
702506641 2
702730227 6
702760942 8
702882168 56
703059097 23
703101952 8
703179848 16
703387200 23
703438567 8
703520999 8
703779386 8
703857506 36
703866010 8
704111734 8
704116248 11
704453006 8
704466265 23
704548608 36
704552421 8
704785058 12
704785256 51
704785546 8
704816317 55
705217250 36
705234668 36
705462899 23
705463175 51
705463539 5
705471952 12
705554385 65
705787638 23
705795727 10
705816818 23
706176085 10
706451920 52
706473389 8
706508078 23
706520453 9
706819341 52
706948318 23
707854620 9
707854989 9
707858790 9
707863263 9
708187441 9
708208811 20
708545526 8
7112622044 10
725701350 23
727929407 8
728625156 84
728667734 20
728974338 84
729007988 32
729358056 8
729698667 8
730001920 8
730006122 12
730104740 65
730147972 36
730398148 20
730398229 9
730692294 82
730721558 20
731062953 8
731688775 66
731689147 23
732059827 5
732077752 8
732163357 20
732431788 8
732777416 20
733182574 20
733192083 36
733399215 23
733458828 10
733796382 8
733834095 17
734132592 8
734327429 8
734408687 23
734473582 8
734491001 46
734599550 23
734754585 23
734814622 10
735488299 12
735941254 23
736109737 23
736140238 10
736174181 10
736433303 20
736791573 74
736830579 23
736860990 8
737189212 51
737491049 51
737491087 51
737824168 12
737832306 12
737892940 8
738246510 8
739213376 8
739256609 20
739567785 9
739572008 10
757538997 8
758674661 23
758955666 61
758977730 20
758990648 50
759667315 28
759681018 56
760021137 2
760268555 62
760323253 8
760358472 56
760397222 8
760729207 8
761040902 12
761096077 72
761537199 28
761843188 36
762037782 36
762058745 56
762274975 64
762745906 6
763086729 11
763116811 8
763186493 36
764144161 8
764148834 8
764153172 8
764817903 12
765145895 6
765245188 36
765504308 12
765564814 58
766186252 10
766255970 23
766385551 1
767455273 9
767473384 1
767903933 36
767904550 10
768590452 9
769199010 64
769263962 10
769268002 10
769355285 10
769670101 36
769924974 10
770249286 8
789130596 12
789398359 20
790405385 51
790417325 20
790417660 28
790641825 23
790741191 8
790982851 52
791043906 10
791427589 8
791527493 8
792062042 10
792175182 36
792450754 8
793797279 10
794462286 23
794466376 82
794945765 5
794946803 5
794967711 75
795187525 20
795546494 20
795826923 23
796193592 12
796393522 8
796543393 36
796599303 8
796755936 9
796889169 10
797194962 23
797255293 17
797277919 23
797281464 73
798939240 10
799263200 10
799521639 2
799578347 52
799586652 23
800212579 8
800212976 10
800233950 9
800238269 10
800303089 10
800373114 10
800588608 10
800622401 52
800925392 9
800937779 23
801257348 20
801283077 43
820856412 79
821418392 10
821686394 18
821728921 77
821729208 77
821729315 4
821729349 77
821729374 19
822078542 10
822376419 20
822380754 20
822428009 10
822461999 8
822505389 1
823058891 18
823852745 20
823879266 72
824115747 28
824349873 64
824457714 28
825489724 23
825822254 63
826136822 23
826659627 5
826844892 23
827673856 8
827889523 10
827911067 51
828282250 51
828316115 36
828316308 17
828316734 58
828934059 10
828955389 8
829050526 87
829279239 56
829636950 10
829693574 36
830634936 23
831291329 75
832646151 8
833043564 8
850181951 5
851110676 12
851114700 2
852422640 19
852763122 28
853173648 18
853437941 24
853514696 9
854883067 74
855147657 10
855493136 74
855638407 36
858453703 1
858604499 74
858906840 23
859265651 23
859381489 51
859665971 17
859688555 17
860305498 5
861005020 10
861065482 10
861251038 9
861251942 8
861583205 29
861665641 23
862010850 63
862278897 9
862671913 23
862697175 23
862722715 17
863059358 65
863698974 23
881220948 5
882239837 5
882922539 12
883500704 88
884123412 8
884636075 28
885253534 5
885257938 5
885262090 5
885262118 5
887230673 12
887588829 9
887640858 20
887921032 12
888146447 73
889863729 1
890197225 1
890425079 5
890671753 5
891663788 12
891771553 10
892376241 7
892376440 10
892385258 10
892398461 74
892722090 10
893338771 9
893710296 52
893741163 10
893754136 10
894020730 23
894362173 12
894380152 74
894702888 16
894724798 89
895091952 10
895441451 23
910451489 3
911569552 12
912583959 5
913681721 13
914298735 2
914466864 8
914778159 18
914850280 77
915188031 3
915273417 5
915503330 35
915520244 4
915605802 5
915623395 5
915946994 5
915951309 6
915960293 5
915964748 5
916456567 7
916637896 6
916646779 6
917298286 65
917643796 1
917919724 23
919168397 20
920869856 10
920873167 10
922302296 9
922595498 9
922643119 9
922992588 8
923415956 10
923761285 10
924049792 23
924737391 23
924788221 1
925241334 16
925799233 73
925811326 10
925824977 36
926490072 10
940791248 5
945354221 79
946300310 6
946308462 5
947003647 6
947573616 9
947582284 77
947681334 6
947681560 6
947681574 5
947685653 5
947858895 52
947862945 52
947898091 8
948851462 8
951645198 9
951808062 5
952374245 12
952525648 18
952724101 23
953013850 9
953410147 23
953414780 10
954705691 9
956126012 43
956518968 12
958197533 10
975197713 10
976934253 20
976964834 8
976994022 5
977002560 5
977339122 5
977339225 5
977352235 5
977413163 3
977598865 8
977697611 5
978056035 1
978681977 5
978686129 6
978971398 10
979066072 6
979368408 6
980978890 10
980982986 10
981000564 1
982070626 5
982389963 12
983067799 5
983093876 5
983426636 5
983430664 5
983767417 12
983767602 5
984536209 10
984799284 10
984833702 17
986089634 38
986098785 9
986974738 23
987117151 12
987273073 29
988567837 10
988909130 10
989228019 10
