1003215282 1
1005952640 2
1006928515 3
1007260806 4
1008024276 5
1008102479 6
1008369339 5
1008391068 5
1008693605 5
1008966615 3
1008970563 4
1009371535 5
1009578838 5
1010044978 5
1010235132 2
1010437434 5
1011970102 7
1013040388 8
1013066710 8
1013416147 8
1013757060 5
1013779115 5
1014102651 5
1014223948 5
1014457195 5
1014461486 5
1014465452 5
1014465588 5
1014465666 5
1014474192 5
1014802430 2
1015143077 8
1015458774 2
1015479949 5
1017547830 8
1020608279 8
1035393986 5
1036257907 3
1036503560 2
1036637830 8
1036646944 8
1036987921 7
1037612992 4
1039063931 5
1039068185 5
1039085109 5
1039400642 5
1039426238 5
1039685005 1
1039754434 5
1041071176 5
1041075688 5
1041666949 8
1042116109 5
1042366365 9
1042724993 8
1044800536 5
1044805646 5
1044918145 5
1045141938 5
1045268099 5
1048250312 8
1048289014 9
1048975307 5
1049247113 8
1049261193 8
1049946735 8
1050249353 8
1050581215 8
1050922195 7
1050935614 8
1051980223 8
1065284812 2
1066516552 5
1068436695 2
1068777508 2
1069002537 2
1070103072 5
1070103331 5
1070141508 2
1070422316 5
1070651567 8
1071121755 5
1071496918 5
1071760480 5
1071769518 5
1072063538 9
1072455791 5
1072503099 5
1072507501 5
1072533980 5
1072779298 5
1072779568 5
1072874511 5
1073069488 10
1073314797 7
1075598224 5
1075611602 5
1076173414 7
1076185604 5
1076198559 5
1081957306 2
1099043553 2
1099389583 7
1100085251 3
1100801188 5
1101142083 5
1101474458 8
1102191395 5
1102795781 5
1102804327 5
1104155212 5
1104790425 11
1106888382 5
1106944058 12
1107561814 2
1107566171 5
1107566252 5
1111757266 13
1112443807 8
1130783454 2
1132168616 5
1132168736 5
1132176882 5
1132406255 14
1133562752 5
1133839128 5
1134140939 5
1134849078 5
1135881013 5
1135898324 5
1135941181 5
1135941581 5
1135984965 5
1136252170 5
1136852717 10
1137590955 2
1138026774 5
1138212774 10
1138587910 2
1138915459 2
1139909038 2
1140923511 2
1144761556 8
1158402729 8
1158691908 6
1160073701 8
1161459105 7
1162534149 15
1162862710 8
1163552692 5
1164503211 6
1164545788 5
1164882751 5
1165305889 5
1166674437 5
1167235473 5
1167235720 5
1168915489 2
1170352367 8
1170645699 2
1172031461 13
1173029301 7
1175433492 8
1192922295 2
1193599901 2
1195891557 5
1195999722 5
1199327859 5
1200014419 2
1200554295 10
1200619473 7
1201659335 2
1204063702 2
1220412108 2
1220434040 7
1223274640 2
1223388206 16
1224591253 5
1226206190 2
1230095228 5
1232038141 2
1257629175 5
1260197431 2
1260197510 2
1260542968 2
1260883995 2
1261129711 5
1262360335 2
1263646693 2
1283173461 17
1284312505 2
1285343852 3
1288953551 3
1289359184 8
1291142212 5
1291374677 5
1292027772 10
1292083252 5
1295855722 18
1300276335 8
1311487571 5
1313849992 17
1316245799 13
1320480289 5
1323454861 5
1325133618 2
1325138116 2
1325405571 2
1325479712 2
1330008281 8
1331311183 8
1343891368 5
1344275238 19
1345061120 5
1345596879 2
1351065769 5
1353043462 2
1356173442 2
1362674294 2
1374649768 6
1387527359 2
1387868622 2
1387881882 2
1388223120 2
1407139453 10
1407398468 3
1407783264 20
1410516394 20
1415829386 10
1418572258 2
1418924735 2
1419909152 2
1439754917 2
1444351896 2
1446527869 10
1448591766 2
1448794542 2
1449606569 2
1449611593 2
1455438367 8
1465630554 8
1470065021 8
1479618250 2
1480653743 2
1481340761 2
1498379140 21
1501820626 2
1504207129 8
1506382974 10
1507933560 2
1510648834 2
1511016097 2
1512029563 2
1512034076 2
1512707390 8
1533226802 6
1533542078 2
1534270924 2
1534721340 2
1535791554 2
1541338954 22
1543949467 9
1570111396 5
1570922129 10
1598011458 2
1600489166 2
1605181883 2
1605842920 8
1623262447 4
1628062270 2
1629383757 2
1632055020 2
1637171546 2
1666561406 2
1669255212 2
1671952694 13
1692782686 10
1696897255 2
1716082078 2
1719953914 23
1722164148 24
1728942250 2
1733370882 25
1748666238 3
1753523046 10
1757612027 2
1785931916 2
1787636059 2
1811163357 6
1811163598 6
1812493277 10
1814604278 2
1817712927 7
1820005073 2
1843536369 2
1875284107 2
1877667406 9
1882009576 10
1883042152 26
1914460817 13
1916485259 13
1933892078 6
1942806972 13
1943147567 13
2034477252 27
2067847820 10
2147677469 10
2216261919 2
263674097 13
266187480 18
266187559 18
267214250 18
267223104 18
267551639 10
267564140 18
267896360 18
296199021 7
296203324 7
296203325 7
296203392 7
296203434 7
296203440 7
296531366 7
296535619 7
296535655 7
296855409 5
296859399 5
296885362 13
297217528 5
297230760 18
297563139 9
297580589 18
297584869 18
297588995 18
297908595 5
297917363 18
297917364 5
297917459 18
297917475 18
297921608 18
297934349 18
297938585 18
297947227 18
298241038 5
298254474 5
298254517 18
298258354 18
298258399 7
298258513 18
298258611 18
298262408 18
298262599 5
298262663 18
298266903 5
298599271 18
298603633 5
298603693 18
298603730 5
298612190 18
298927362 5
298944444 5
298944479 5
298957166 18
299289811 13
299290105 9
299617529 5
324721026 5
324725187 7
325743813 13
326253554 9
326474963 7
326879917 7
326884223 7
326884331 7
326888609 18
326888627 7
326888675 18
327587644 9
327588074 9
327588446 9
327881747 18
327933008 9
327933027 9
327933061 18
327937506 18
328010530 9
328244591 5
328265389 18
328274638 18
328278449 18
328533761 13
328611654 18
328935472 5
328939480 5
328943204 5
329225149 18
329301513 18
329301762 5
329566174 5
329566197 18
329638509 5
329646990 13
329970706 5
329983926 5
329988112 5
330316013 18
330319983 11
330415332 9
330640044 5
330678844 7
331343089 5
356429209 7
356878521 9
357250238 9
357573154 5
357581846 7
357599074 18
358264919 5
358639742 9
358847551 9
359317340 5
359744514 10
359931311 18
360268385 18
360310976 5
360349882 18
360591860 18
360677632 9
360690414 9
360773196 18
361005850 5
361312808 18
361341837 5
361364000 5
361376643 5
361445621 13
361700674 18
361722354 7
362299997 18
362719326 9
386833850 9
386877197 7
387568523 13
387939094 9
387952104 18
388267095 7
388280249 7
388293131 9
389311717 5
390003153 18
390330983 5
390331214 5
390352384 18
390473497 9
390590450 18
391016873 18
391610069 7
391971839 13
392389970 5
392821837 18
393063351 9
393776005 18
394095053 5
416876055 9
417221397 5
417558532 9
417908800 9
418175238 7
418503161 7
418607079 7
418607328 5
418607477 5
418969956 9
418970154 7
418987009 9
419345606 9
420010739 5
420325753 5
420351087 9
420351828 9
420586101 9
420666689 5
420688241 5
420696828 18
420723066 9
421041565 8
421055181 18
421405157 9
422056477 5
422056521 5
422419397 18
422622063 18
422738252 5
422742649 5
422751191 13
423096449 5
423749262 5
423792217 18
424193116 5
424250610 28
424434994 5
424443911 18
424452682 5
424792976 5
424793122 5
424918786 13
425104178 13
425143700 18
425148091 18
425471220 13
447599745 9
447872055 5
448342846 8
448869118 18
449205588 13
449244969 9
449288517 9
449296930 9
449685778 9
450034902 9
451049385 18
451062462 18
451365099 5
451390676 18
451662040 18
451722668 9
451995306 13
451995734 13
452340995 18
452689494 18
452771913 18
453108601 18
453130054 9
453457927 9
453527730 9
453536107 18
454477603 9
454481372 18
454787848 13
454822542 7
455155337 8
455159380 18
455500416 18
456187010 18
456506289 18
456523994 18
456833888 13
456847092 18
456847100 18
457520516 18
478591447 8
479260891 5
479908320 9
480029788 9
480258208 8
480328501 9
480387478 9
480681197 9
480987689 9
481035392 7
481070027 9
481191030 9
481295335 7
481359062 9
481371769 7
481390070 5
481394217 18
481406868 9
481731074 18
481747302 9
482417237 18
482732443 13
483017681 13
483720758 18
483797945 5
484130600 13
484134987 18
484147730 18
484368420 13
484735637 13
484821546 18
484829654 5
484890037 9
485511772 9
485589846 8
485628489 9
485745069 18
485934965 9
486185442 18
486255488 18
486544396 18
486842208 5
486876782 18
487187476 13
487212916 18
487286529 9
487541595 18
487882168 18
487882906 18
487899426 18
487925063 13
487968933 5
488231898 7
488572496 18
488581156 9
488922181 8
508689623 8
509924185 7
509928946 13
509945954 7
510049477 5
510278853 18
510676580 7
510680365 9
511660697 7
511685969 7
512014262 9
512765816 18
512787296 18
513344531 7
513668146 7
514043443 7
514068564 13
514116545 5
514475106 5
514708179 9
514807275 5
514816333 5
514833145 18
514842241 9
514850616 10
515092013 7
515152792 5
515524209 18
515588291 9
515869245 18
516163285 9
516283789 18
516287961 18
516288120 18
516551382 18
516780722 18
516806504 18
516844782 13
516965856 8
517242832 9
517578770 18
517587356 10
517838657 13
517872280 13
517910959 5
517915796 18
517916020 18
518217691 18
518269350 18
518558825 8
518598175 18
518861029 13
518930199 7
519004170 18
519046655 5
519616809 5
540972196 18
541011631 9
541697718 7
542376096 9
542410481 7
542691005 9
542699260 7
543049093 9
543062097 9
543092817 7
543135607 18
543412036 7
543433461 5
543821838 9
544037996 7
544038123 8
544158940 5
544265891 9
544611593 9
544706811 7
545289059 29
545444996 7
545501062 9
545510060 5
545535468 9
545626238 29
545903200 9
545906392 18
545966857 29
545967081 29
545971196 29
546080131 7
546217818 18
546303917 18
546316427 5
546559025 18
546641039 9
546661879 5
546661881 5
547158593 18
547227734 7
547240545 18
547258283 9
547318128 7
547551580 7
547552266 8
547565159 5
547659321 18
547927681 9
548225503 7
548570973 8
548678665 18
548712377 18
548937579 18
548963433 18
548993536 7
549161688 13
549269622 5
549282467 8
549347735 9
549364902 18
549597974 13
549722579 8
550081666 13
550275952 13
550297695 9
550319575 9
550322829 10
550426732 8
550617370 13
550621853 13
550638250 13
550655668 18
550750102 8
550962648 5
550988122 8
551303686 8
551337690 10
551751981 8
551989415 18
571666434 13
573142557 9
573337611 13
573402255 7
574040939 13
574511458 9
574515806 9
574732075 7
574736017 7
575197482 18
575301459 9
575323308 5
575768294 18
576082257 9
576475847 7
576502536 13
576566223 5
576566287 2
576566621 9
576574889 9
576825965 13
576898212 5
577002771 7
577205270 13
577244511 9
577330676 9
577554935 13
577709776 5
578008551 18
578254032 7
578284233 18
578556621 13
578621125 9
578642656 18
578690477 18
578919867 5
578936675 5
579194975 9
579230376 13
579234980 13
579239039 5
579268807 5
579536041 10
579575594 13
579912201 13
579946370 13
580287695 13
580288167 13
580300616 5
580662960 9
580680652 18
580732377 10
580780309 8
581004609 7
581013183 18
581064707 18
581099105 5
5812979948 5
5812980103 5
5812980109 13
5812980142 9
5812980470 7
5812980473 9
5812980494 9
5812980520 8
5812980529 18
5812980658 13
5812980666 13
5812980710 18
5812980743 5
5812980884 9
5812980916 2
5812981016 9
5812981228 9
5812981237 5
5812981381 8
5812981506 9
5812981517 9
5812981791 8
5812982052 7
5812982295 13
5812982324 9
5812982711 2
5812982885 2
5812982994 7
5812983110 8
5812983128 7
5812983240 7
5812983825 8
5812983831 8
5812983878 7
5812984012 3
5812986798 5
5812987034 2
5812989861 5
5812991473 23
5812992091 10
5813008934 18
5813009358 5
5813009578 18
5813009620 18
5813009766 18
5813010212 5
5813010265 18
5813010266 18
5813010279 18
5813010748 18
5813010828 5
5813011074 8
5813011125 5
5813011133 18
5813011165 18
5813011166 18
5813011298 5
5813011320 5
5813011443 9
5813011483 7
5813011486 5
5813011512 7
5813011660 9
5813012136 7
5813012193 18
5813012231 5
5813012786 9
5813012995 7
5813013202 13
5813013630 13
5813013636 18
5813014032 7
5813014391 5
5813014693 5
5813014777 5
5813015068 5
5813015408 7
5813015448 14
5813015594 8
5813016900 5
5813016958 9
5813019560 5
5813020388 2
5813020674 5
5813020676 5
5813020696 9
5813020751 7
5813020785 18
5813020800 5
5813020803 5
5813020817 5
5813020840 18
5813020855 7
5813020857 13
5813020996 13
5813021005 5
5813021046 13
5813021122 2
5813021192 9
5813021223 18
5813021225 9
5813021235 5
5813021238 5
5813021247 5
5813021498 7
5813021564 9
5813021566 9
5813021602 18
5813021899 9
5813022026 2
5813022160 5
5813022257 8
5813022339 9
5813022343 8
5813022375 8
5813022404 30
5813022424 13
5813022429 7
5813022459 13
5813022538 2
5813022759 8
5813022814 10
5813022915 8
5813022923 5
5813022976 8
5813024852 2
5813026589 18
5813026661 18
5813026705 18
5813026785 7
5813027592 5
5813027737 8
5813032709 7
5813033379 3
5813033443 18
5813035328 18
5813035694 10
5813038579 6
5813039906 5
5813040000 5
5813040037 10
5813040190 8
5813040712 9
5813040766 7
5813041169 13
5813041237 2
5813041304 2
5813041525 16
5813041610 5
5813041684 5
5813046658 9
5813046951 10
5813047739 9
5813048229 4
5813048745 7
5813049378 18
5813049907 18
5813049946 9
5813050455 18
5813050772 2
5813052205 13
5813053669 2
5813053860 10
5813053923 2
5813054079 8
5813054659 8
5813055298 2
5813055535 10
5813055749 5
5813055768 18
5813055769 18
5813055800 13
5813055817 9
5813055949 18
5813055999 5
5813056041 18
5813056054 18
5813056057 8
5813056071 9
5813056101 8
5813056168 18
5813056257 7
5813056881 5
5813056917 9
5813056944 9
5813057162 7
5813057245 2
5813057461 8
5813057464 5
5813057481 10
5813057861 5
5813057864 10
5813057933 7
5813057973 7
5813058050 8
5813058222 7
5813058272 10
5813058319 8
5813058320 8
5813058350 7
5813060068 2
5813060701 5
5813060768 9
5813061024 2
5813061112 7
5813061114 8
5813061260 5
5813061642 9
5813062838 8
5813062858 5
5813063093 9
5813063137 7
5813063524 31
5813063587 10
5813063829 9
5813064332 9
5813065004 8
5813065365 5
5813065519 9
5813067732 9
5813067963 4
5813068484 10
5813068575 5
5813068748 2
5813068769 8
5813069512 2
5813069630 10
5813070569 2
5813071068 7
5813071078 9
5813071257 7
5813071348 9
5813071370 18
5813075619 5
5813075692 7
5813075875 7
5813075932 9
5813076043 5
5813076392 2
5813077469 9
5813077929 8
5813078571 9
5813078641 8
5813079192 8
5813079417 9
5813080768 9
5813081474 9
5813081849 7
5813081864 5
5813082239 2
5813082780 5
5813083779 8
5813083780 8
5813087620 10
5813087891 2
5813087953 18
5813087991 7
5813088784 3
5813089157 8
5813092990 18
5813094560 2
5813094811 13
5813096198 7
5813096913 7
5813097020 2
5813097634 7
5813097926 32
5813098223 8
5813098975 10
5813103626 5
5813105726 9
5813105778 8
5813108129 7
5813109327 5
5813111272 9
5813117385 8
5813123585 13
5813124162 9
5813126031 2
5813129271 5
5813129453 13
5813130366 5
5813132515 9
5813133463 8
5813134082 29
581336531 13
581358486 18
581409749 10
581414714 9
581652283 7
581746661 8
581790318 9
581962275 9
582027783 8
582381054 9
582696254 18
582700300 18
583132200 9
5901192948 13
5901193720 2
5901195945 18
5901196319 5
5901196628 9
5901201909 18
5901203310 18
5901203505 18
5901212906 13
5901213440 13
5901213624 5
5901215966 9
5901218930 8
5901221890 18
5901225755 2
5901227238 2
5901232053 9
602071049 9
603068370 7
603167111 2
603482385 9
604070433 18
604195247 9
604289581 5
604709727 13
604864322 9
604976663 13
605166418 18
605550395 9
605554875 9
606103219 7
606193500 9
606340818 9
606461310 13
606703149 5
607221569 13
607251100 7
607273128 9
607273339 9
607597135 7
607925257 7
607929192 9
607933758 5
607938091 7
607955261 9
608261812 5
608278754 7
608283432 5
608369629 18
608602824 9
609513630 7
609591880 13
609591891 13
609591989 13
609655670 9
609656444 7
609660480 18
609893831 9
609975449 7
609979769 7
609992451 18
609993550 9
610018976 9
610113424 5
610312734 8
610321430 7
610321522 7
610338229 18
610342229 18
610351307 9
610666582 9
610670860 18
610722297 30
610981555 5
610981584 13
611015907 9
611016455 18
611020135 18
611029037 7
611037750 8
611089775 8
611340150 9
611343891 7
611357256 18
611361002 7
611361058 18
611365952 18
611629428 13
611693656 7
611728142 18
611810783 13
612034653 7
612307129 5
612336669 13
612367371 13
612371421 13
612712334 13
612742137 8
612742165 8
612742224 8
612742229 8
612742298 8
612742316 8
612746557 8
612746670 8
612755343 8
612777140 18
613040803 8
613044611 13
613066879 13
613079053 13
613083298 8
613083317 8
613394707 10
614081109 18
614413183 10
634879889 9
635541640 9
635878327 9
635890732 8
635895000 9
635908014 9
636344136 9
636594376 9
636667489 9
636944318 9
637008792 9
637393228 9
637475264 7
637621553 9
638040562 7
638152829 7
638985608 7
639008013 9
639063702 18
639275368 13
639327084 9
639405054 9
639650941 7
639655157 2
639655378 7
639659397 9
639995972 5
6400000773 18
640276971 7
640596169 13
640665331 5
640691030 9
640691209 7
640963528 13
641373426 18
641688553 13
641709401 18
641709938 13
641714522 7
642024743 13
642046803 7
642387775 7
642387793 7
642504699 13
642509080 5
642651049 5
642715563 7
642715875 7
642723975 13
642724189 7
642732835 13
642763119 18
643039876 18
643052767 7
643060819 7
643073880 18
643152220 18
643329030 5
643389529 7
643393020 7
643393688 7
643401816 7
643402037 7
643721915 7
643739027 13
643743142 13
643773259 8
643794320 8
644083764 13
644113913 8
644148661 8
644153089 8
644425543 7
644433538 8
644450565 8
644757911 7
644761952 7
644788121 8
645086558 9
645111897 10
645449236 10
665479890 2
666200256 10
666575508 9
666994301 2
667266529 13
667271225 7
668285416 5
668967527 8
669088684 5
669421910 9
669649730 2
669649736 5
669670654 7
669965108 13
669978138 7
670020922 9
670089878 9
670353202 7
670357457 7
670370149 9
670370239 9
670703141 7
670883838 7
671035328 7
671234167 9
671345931 5
671657343 13
671660941 13
671751354 18
671756253 9
671795298 18
672041363 13
672092798 9
672407642 7
672429275 8
672494647 7
672598344 7
672697926 13
672723441 5
673068602 7
673085574 7
673090000 7
673405506 8
673426911 13
673435566 8
673509195 13
673758836 7
673772244 13
673772290 30
674069555 5
674096140 13
674108632 9
674108802 13
674423996 5
674427795 7
674446014 13
674532291 9
674781866 7
674882302 8
675127699 8
675127915 2
675144908 8
675166212 7
675187531 8
675447609 7
675490204 7
675528661 8
675767414 5
675800901 13
675809900 2
675822559 10
675822802 8
675887521 18
676133767 2
676138357 13
676479156 10
676479217 13
676824431 9
695500178 13
696617609 9
697265869 7
697269889 9
697316795 8
697939194 5
698314499 9
698443880 9
698742094 9
698979607 9
698996246 9
699178922 13
699358695 9
699363923 7
699463239 33
699687305 9
699695617 9
699998408 2
700037217 9
700335140 9
700377995 9
700481649 5
700658962 13
700683875 5
700982749 13
701345660 5
701371011 2
701383309 5
701469455 9
701733434 7
701742479 9
702069970 7
702079023 7
702079135 7
702152113 9
702199343 7
702389193 5
702506641 7
702730227 5
702760942 7
702882168 9
703059097 13
703101952 7
703179848 8
703387200 13
703438567 7
703520999 7
703779386 7
703857506 8
703866010 7
704111734 7
704116248 13
704453006 7
704466265 13
704548608 9
704552421 7
704785058 2
704785256 8
704785546 5
704816317 9
705217250 18
705234668 8
705462899 13
705463175 5
705463539 5
705471952 2
705554385 9
705787638 13
705795727 8
705816818 13
706176085 8
706451920 13
706473389 7
706508078 13
706520453 10
706819341 13
706948318 13
707854620 10
707854989 10
707858790 10
707863263 10
708187441 10
708208811 9
708545526 7
7112622044 8
725701350 13
727929407 7
728625156 5
728667734 9
728974338 5
729007988 7
729358056 7
729698667 9
730001920 7
730006122 2
730104740 9
730147972 9
730398148 9
730398229 7
730692294 2
730721558 9
731062953 7
731688775 5
731689147 13
732059827 5
732077752 7
732163357 9
732431788 7
732777416 9
733182574 9
733192083 9
733399215 13
733458828 8
733796382 7
733834095 9
734132592 7
734327429 7
734408687 13
734473582 7
734491001 18
734599550 13
734754585 13
734814622 2
735488299 2
735941254 13
736109737 13
736140238 8
736174181 8
736433303 9
736791573 9
736830579 13
736860990 7
737189212 9
737491049 5
737491087 5
737824168 2
737832306 2
737892940 7
738246510 7
739213376 7
739256609 9
739567785 10
739572008 8
757538997 7
758674661 13
758955666 7
758977730 9
758990648 7
759667315 9
759681018 26
760021137 7
760268555 13
760323253 7
760358472 7
760397222 7
760729207 7
761040902 2
761096077 9
761537199 7
761843188 9
762037782 8
762058745 8
762274975 13
762745906 5
763086729 13
763116811 7
763186493 9
764144161 7
764148834 7
764153172 7
764817903 2
765145895 5
765245188 9
765504308 2
765564814 18
766186252 8
766255970 13
766385551 9
767455273 10
767473384 8
767903933 8
767904550 8
768590452 10
769199010 18
769263962 8
769268002 8
769355285 8
769670101 8
769924974 8
770249286 7
789130596 2
789398359 9
790405385 5
790417325 9
790417660 9
790641825 13
790741191 7
790982851 13
791043906 8
791427589 7
791527493 7
792062042 8
792175182 9
792450754 7
793797279 8
794462286 13
794466376 2
794945765 5
794946803 5
794967711 8
795187525 9
795546494 9
795826923 13
796193592 2
796393522 7
796543393 7
796599303 7
796755936 10
796889169 8
797194962 13
797255293 9
797277919 13
797281464 30
798939240 10
799263200 8
799521639 7
799578347 13
799586652 13
800212579 7
800212976 8
800233950 10
800238269 8
800303089 8
800373114 8
800588608 8
800622401 13
800925392 10
800937779 13
801257348 9
801283077 2
820856412 9
821418392 8
821686394 9
821728921 14
821729208 14
821729315 4
821729349 14
821729374 7
822078542 8
822376419 9
822380754 9
822428009 8
822461999 7
822505389 10
823058891 9
823852745 9
823879266 9
824115747 9
824349873 7
824457714 9
825489724 13
825822254 2
826136822 13
826659627 5
826844892 13
827673856 7
827889523 8
827911067 5
828282250 9
828316115 9
828316308 9
828316734 34
828934059 8
828955389 7
829050526 8
829279239 13
829636950 8
829693574 8
830634936 13
831291329 5
832646151 7
833043564 7
850181951 5
851110676 2
851114700 2
852422640 7
852763122 9
853173648 2
853437941 7
853514696 10
854883067 2
855147657 8
855493136 9
855638407 9
858453703 10
858604499 2
858906840 13
859265651 13
859381489 5
859665971 9
859688555 30
860305498 5
861005020 8
861065482 8
861251038 10
861251942 7
861583205 5
861665641 13
862010850 2
862278897 10
862671913 13
862697175 13
862722715 8
863059358 9
863698974 13
881220948 5
882239837 5
882922539 2
883500704 35
884123412 7
884636075 9
885253534 5
885257938 5
885262090 5
885262118 5
887230673 2
887588829 10
887640858 9
887921032 2
888146447 18
889863729 6
890197225 9
890425079 5
890671753 5
891663788 2
891771553 8
892376241 8
892376440 8
892385258 8
892398461 2
892722090 8
893338771 10
893710296 13
893741163 8
893754136 8
894020730 13
894362173 2
894380152 5
894702888 2
894724798 13
895091952 8
895441451 13
910451489 2
911569552 2
912583959 5
913681721 2
914298735 2
914466864 7
914778159 2
914850280 9
915188031 7
915273417 5
915503330 2
915520244 4
915605802 5
915623395 5
915946994 5
915951309 5
915960293 5
915964748 5
916456567 2
916637896 5
916646779 5
917298286 9
917643796 36
917919724 13
919168397 9
920869856 8
920873167 8
922302296 10
922595498 10
922643119 10
922992588 7
923415956 8
923761285 8
924049792 13
924737391 13
924788221 8
925241334 8
925799233 18
925811326 8
925824977 9
926490072 8
940791248 5
945354221 36
946300310 5
946308462 5
947003647 5
947573616 10
947582284 2
947681334 5
947681560 5
947681574 5
947685653 5
947858895 13
947862945 13
947898091 7
948851462 7
951645198 10
951808062 5
952374245 2
952525648 2
952724101 13
953013850 10
953410147 13
953414780 8
954705691 10
956126012 13
956518968 2
958197533 8
975197713 8
976934253 9
976964834 7
976994022 5
977002560 5
977339122 5
977339225 5
977352235 5
977413163 3
977598865 7
977697611 5
978056035 7
978681977 5
978686129 5
978971398 8
979066072 5
979368408 5
980978890 8
980982986 8
981000564 14
982070626 5
982389963 2
983067799 5
983093876 5
983426636 5
983430664 5
983767417 2
983767602 5
984536209 8
984799284 8
984833702 9
986089634 2
986098785 10
986974738 13
987117151 2
987273073 13
988567837 8
988909130 8
989228019 8
