1003215282 1
1005952640 2
1006928515 3
1007260806 4
1008024276 5
1008102479 6
1008369339 5
1008391068 5
1008693605 5
1008966615 3
1008970563 4
1009371535 5
1009578838 5
1010044978 5
1010235132 2
1010437434 5
1011970102 3
1013040388 7
1013066710 7
1013416147 7
1013757060 5
1013779115 5
1014102651 5
1014223948 5
1014457195 5
1014461486 5
1014465452 5
1014465588 5
1014465666 5
1014474192 5
1014802430 2
1015143077 7
1015458774 2
1015479949 8
1017547830 7
1020608279 7
1035393986 5
1036257907 3
1036503560 2
1036637830 7
1036646944 7
1036987921 3
1037612992 4
1039063931 5
1039068185 5
1039085109 5
1039400642 5
1039426238 5
1039685005 1
1039754434 5
1041071176 5
1041075688 5
1041666949 7
1042116109 5
1042366365 1
1042724993 7
1044800536 5
1044805646 5
1044918145 5
1045141938 5
1045268099 5
1048250312 7
1048289014 1
1048975307 5
1049247113 7
1049261193 7
1049946735 7
1050249353 7
1050581215 7
1050922195 3
1050935614 7
1051980223 7
1065284812 2
1066516552 5
1068436695 2
1068777508 2
1069002537 2
1070103072 5
1070103331 5
1070141508 2
1070422316 5
1070651567 7
1071121755 5
1071496918 5
1071760480 5
1071769518 5
1072063538 1
1072455791 5
1072503099 5
1072507501 5
1072533980 5
1072779298 5
1072779568 5
1072874511 5
1073069488 3
1073314797 3
1075598224 5
1075611602 5
1076173414 3
1076185604 5
1076198559 5
1081957306 2
1099043553 2
1099389583 3
1100085251 3
1100801188 5
1101142083 5
1101474458 7
1102191395 5
1102795781 5
1102804327 5
1104155212 5
1104790425 8
1106888382 5
1106944058 9
1107561814 2
1107566171 5
1107566252 5
1111757266 8
1112443807 7
1130783454 2
1132168616 5
1132168736 5
1132176882 5
1132406255 10
1133562752 5
1133839128 5
1134140939 5
1134849078 5
1135881013 5
1135898324 5
1135941181 5
1135941581 5
1135984965 5
1136252170 5
1136852717 3
1137590955 2
1138026774 5
1138212774 3
1138587910 2
1138915459 2
1139909038 2
1140923511 2
1144761556 7
1158402729 7
1158691908 6
1160073701 7
1161459105 3
1162534149 9
1162862710 7
1163552692 5
1164503211 6
1164545788 5
1164882751 5
1165305889 5
1166674437 5
1167235473 5
1167235720 5
1168915489 2
1170352367 7
1170645699 2
1172031461 8
1173029301 3
1175433492 7
1192922295 2
1193599901 2
1195891557 5
1195999722 5
1199327859 5
1200014419 2
1200554295 3
1200619473 3
1201659335 2
1204063702 2
1220412108 2
1220434040 3
1223274640 2
1223388206 2
1224591253 5
1226206190 2
1230095228 5
1232038141 2
1257629175 5
1260197431 2
1260197510 2
1260542968 2
1260883995 2
1261129711 5
1262360335 2
1263646693 2
1283173461 2
1284312505 2
1285343852 3
1288953551 3
1289359184 7
1291142212 5
1291374677 5
1292027772 3
1292083252 5
1295855722 10
1300276335 7
1311487571 5
1313849992 2
1316245799 8
1320480289 5
1323454861 5
1325133618 2
1325138116 2
1325405571 2
1325479712 2
1330008281 7
1331311183 7
1343891368 5
1344275238 2
1345061120 5
1345596879 2
1351065769 5
1353043462 2
1356173442 2
1362674294 2
1374649768 6
1387527359 2
1387868622 2
1387881882 2
1388223120 2
1407139453 3
1407398468 3
1407783264 11
1410516394 11
1415829386 3
1418572258 2
1418924735 2
1419909152 2
1439754917 2
1444351896 2
1446527869 3
1448591766 2
1448794542 2
1449606569 2
1449611593 2
1455438367 7
1465630554 7
1470065021 7
1479618250 2
1480653743 2
1481340761 2
1498379140 2
1501820626 2
1504207129 7
1506382974 3
1507933560 2
1510648834 2
1511016097 2
1512029563 2
1512034076 2
1512707390 7
1533226802 6
1533542078 2
1534270924 2
1534721340 2
1535791554 2
1541338954 12
1543949467 1
1570111396 5
1570922129 3
1598011458 2
1600489166 2
1605181883 2
1605842920 7
1623262447 4
1628062270 2
1629383757 2
1632055020 3
1637171546 2
1666561406 2
1669255212 2
1671952694 8
1692782686 3
1696897255 2
1716082078 2
1719953914 13
1722164148 4
1728942250 2
1733370882 2
1748666238 6
1753523046 3
1757612027 2
1785931916 2
1787636059 2
1811163357 6
1811163598 6
1812493277 3
1814604278 2
1817712927 3
1820005073 2
1843536369 2
1875284107 2
1877667406 1
1882009576 3
1883042152 2
1914460817 8
1916485259 8
1933892078 6
1942806972 8
1943147567 8
2034477252 14
2067847820 3
2147677469 3
2216261919 2
263674097 8
266187480 10
266187559 10
267214250 10
267223104 10
267551639 1
267564140 10
267896360 10
296199021 3
296203324 3
296203325 3
296203392 3
296203434 3
296203440 3
296531366 3
296535619 3
296535655 3
296855409 5
296859399 5
296885362 8
297217528 5
297230760 10
297563139 1
297580589 10
297584869 10
297588995 10
297908595 5
297917363 10
297917364 5
297917459 10
297917475 10
297921608 10
297934349 10
297938585 10
297947227 10
298241038 5
298254474 5
298254517 10
298258354 10
298258399 3
298258513 10
298258611 10
298262408 10
298262599 5
298262663 10
298266903 5
298599271 10
298603633 5
298603693 10
298603730 5
298612190 10
298927362 5
298944444 5
298944479 5
298957166 10
299289811 8
299290105 1
299617529 5
324721026 5
324725187 3
325743813 8
326253554 1
326474963 3
326879917 5
326884223 3
326884331 3
326888609 10
326888627 3
326888675 10
327587644 1
327588074 1
327588446 1
327881747 10
327933008 1
327933027 1
327933061 10
327937506 10
328010530 1
328244591 5
328265389 10
328274638 10
328278449 10
328533761 8
328611654 10
328935472 5
328939480 5
328943204 5
329225149 10
329301513 10
329301762 5
329566174 5
329566197 10
329638509 5
329646990 8
329970706 5
329983926 5
329988112 5
330316013 10
330319983 10
330415332 1
330640044 5
330678844 3
331343089 5
356429209 3
356878521 1
357250238 1
357573154 5
357581846 3
357599074 10
358264919 5
358639742 1
358847551 1
359317340 5
359744514 10
359931311 10
360268385 10
360310976 5
360349882 10
360591860 10
360677632 1
360690414 1
360773196 8
361005850 5
361312808 10
361341837 5
361364000 5
361376643 5
361445621 8
361700674 8
361722354 3
362299997 10
362719326 1
386833850 1
386877197 3
387568523 8
387939094 1
387952104 10
388267095 3
388280249 3
388293131 1
389311717 5
390003153 10
390330983 5
390331214 5
390352384 10
390473497 1
390590450 10
391016873 10
391610069 3
391971839 8
392389970 5
392821837 10
393063351 1
393776005 10
394095053 5
416876055 1
417221397 5
417558532 1
417908800 1
418175238 3
418503161 3
418607079 3
418607328 5
418607477 5
418969956 1
418970154 3
418987009 1
419345606 1
420010739 5
420325753 5
420351087 1
420351828 1
420586101 1
420666689 5
420688241 5
420696828 10
420723066 1
421041565 7
421055181 10
421405157 1
422056477 5
422056521 5
422419397 10
422622063 10
422738252 5
422742649 5
422751191 8
423096449 5
423749262 5
423792217 10
424193116 5
424250610 5
424434994 5
424443911 10
424452682 5
424792976 5
424793122 5
424918786 8
425104178 8
425143700 10
425148091 10
425471220 8
447599745 1
447872055 5
448342846 7
448869118 10
449205588 8
449244969 1
449288517 1
449296930 1
449685778 1
450034902 1
451049385 10
451062462 10
451365099 5
451390676 10
451662040 10
451722668 1
451995306 8
451995734 8
452340995 10
452689494 10
452771913 10
453108601 10
453130054 1
453457927 1
453527730 1
453536107 10
454477603 1
454481372 10
454787848 8
454822542 3
455155337 7
455159380 10
455500416 10
456187010 10
456506289 10
456523994 10
456833888 8
456847092 10
456847100 10
457520516 10
478591447 7
479260891 5
479908320 1
480029788 1
480258208 7
480328501 1
480387478 1
480681197 1
480987689 1
481035392 3
481070027 1
481191030 1
481295335 3
481359062 1
481371769 3
481390070 5
481394217 10
481406868 1
481731074 10
481747302 1
482417237 10
482732443 8
483017681 8
483720758 10
483797945 5
484130600 8
484134987 10
484147730 10
484368420 8
484735637 8
484821546 10
484829654 5
484890037 1
485511772 1
485589846 7
485628489 1
485745069 10
485934965 1
486185442 10
486255488 10
486544396 10
486842208 5
486876782 10
487187476 8
487212916 10
487286529 1
487541595 10
487882168 10
487882906 10
487899426 10
487925063 8
487968933 5
488231898 3
488572496 10
488581156 1
488922181 7
508689623 7
509924185 3
509928946 8
509945954 3
510049477 5
510278853 10
510676580 3
510680365 1
511660697 3
511685969 3
512014262 1
512765816 10
512787296 10
513344531 3
513668146 3
514043443 3
514068564 8
514116545 5
514475106 5
514708179 1
514807275 5
514816333 5
514833145 10
514842241 1
514850616 3
515092013 3
515152792 5
515524209 10
515588291 1
515869245 10
516163285 1
516283789 10
516287961 10
516288120 10
516551382 10
516780722 10
516806504 10
516844782 8
516965856 7
517242832 1
517578770 10
517587356 10
517838657 8
517872280 8
517910959 5
517915796 10
517916020 10
518217691 10
518269350 10
518558825 7
518598175 10
518861029 8
518930199 3
519004170 10
519046655 5
519616809 8
540972196 10
541011631 1
541697718 3
542376096 1
542410481 3
542691005 1
542699260 3
543049093 1
543062097 1
543092817 3
543135607 10
543412036 3
543433461 5
543821838 1
544037996 3
544038123 7
544158940 5
544265891 1
544611593 1
544706811 3
545289059 5
545444996 3
545501062 1
545510060 5
545535468 1
545626238 5
545903200 1
545906392 10
545966857 5
545967081 5
545971196 5
546080131 3
546217818 10
546303917 10
546316427 5
546559025 10
546641039 1
546661879 5
546661881 5
547158593 10
547227734 3
547240545 10
547258283 1
547318128 3
547551580 3
547552266 7
547565159 5
547659321 10
547927681 1
548225503 3
548570973 7
548678665 10
548712377 10
548937579 10
548963433 10
548993536 1
549161688 8
549269622 5
549282467 7
549347735 1
549364902 10
549597974 8
549722579 7
550081666 8
550275952 8
550297695 1
550319575 1
550322829 10
550426732 7
550617370 8
550621853 8
550638250 8
550655668 10
550750102 7
550962648 5
550988122 7
551303686 7
551337690 10
551751981 7
551989415 10
571666434 8
573142557 1
573337611 8
573402255 3
574040939 8
574511458 1
574515806 1
574732075 3
574736017 3
575197482 10
575301459 1
575323308 5
575768294 10
576082257 1
576475847 3
576502536 8
576566223 5
576566287 2
576566621 1
576574889 1
576825965 8
576898212 8
577002771 1
577205270 8
577244511 1
577330676 1
577554935 8
577709776 5
578008551 10
578254032 3
578284233 10
578556621 8
578621125 1
578642656 10
578690477 10
578919867 5
578936675 5
579194975 1
579230376 8
579234980 8
579239039 5
579268807 5
579536041 7
579575594 8
579912201 8
579946370 8
580287695 8
580288167 8
580300616 5
580662960 1
580680652 10
580732377 10
580780309 7
581004609 3
581013183 10
581064707 10
581099105 5
5812979948 5
5812980103 5
5812980109 8
5812980142 1
5812980470 3
5812980473 1
5812980494 1
5812980520 7
5812980529 10
5812980658 8
5812980666 8
5812980710 10
5812980743 5
5812980884 1
5812980916 2
5812981016 1
5812981228 1
5812981237 5
5812981381 7
5812981506 1
5812981517 1
5812981791 7
5812982052 3
5812982295 8
5812982324 1
5812982711 2
5812982885 2
5812982994 3
5812983110 7
5812983128 3
5812983240 3
5812983825 7
5812983831 7
5812983878 3
5812984012 13
5812986798 5
5812987034 2
5812989861 5
5812991473 13
5812992091 3
5813008934 10
5813009358 5
5813009578 10
5813009620 10
5813009766 10
5813010212 5
5813010265 10
5813010266 10
5813010279 10
5813010748 10
5813010828 5
5813011074 7
5813011125 5
5813011133 10
5813011165 10
5813011166 10
5813011298 5
5813011320 5
5813011443 1
5813011483 3
5813011486 5
5813011512 3
5813011660 1
5813012136 3
5813012193 10
5813012231 5
5813012786 1
5813012995 3
5813013202 8
5813013630 8
5813013636 10
5813014032 3
5813014391 5
5813014693 5
5813014777 5
5813015068 5
5813015408 3
5813015448 1
5813015594 7
5813016900 5
5813016958 1
5813019560 5
5813020388 2
5813020674 5
5813020676 5
5813020696 1
5813020751 5
5813020785 10
5813020800 5
5813020803 5
5813020817 5
5813020840 10
5813020855 3
5813020857 8
5813020996 8
5813021005 5
5813021046 8
5813021122 2
5813021192 1
5813021223 10
5813021225 1
5813021235 5
5813021238 5
5813021247 5
5813021498 3
5813021564 1
5813021566 1
5813021602 10
5813021899 1
5813022026 2
5813022160 5
5813022257 7
5813022339 1
5813022343 7
5813022375 7
5813022404 9
5813022424 8
5813022429 1
5813022459 8
5813022538 2
5813022759 7
5813022814 3
5813022915 7
5813022923 5
5813022976 7
5813024852 2
5813026589 10
5813026661 10
5813026705 10
5813026785 3
5813027592 5
5813027737 7
5813032709 3
5813033379 3
5813033443 10
5813035328 10
5813035694 3
5813038579 6
5813039906 5
5813040000 5
5813040037 1
5813040190 7
5813040712 1
5813040766 3
5813041169 8
5813041237 2
5813041304 2
5813041525 5
5813041610 5
5813041684 5
5813046658 1
5813046951 10
5813047739 1
5813048229 4
5813048745 3
5813049378 10
5813049907 10
5813049946 1
5813050455 10
5813050772 2
5813052205 8
5813053669 2
5813053860 3
5813053923 2
5813054079 7
5813054659 7
5813055298 2
5813055535 3
5813055749 5
5813055768 10
5813055769 10
5813055800 8
5813055817 1
5813055949 10
5813055999 5
5813056041 10
5813056054 10
5813056057 7
5813056071 1
5813056101 7
5813056168 10
5813056257 3
5813056881 5
5813056917 1
5813056944 1
5813057162 3
5813057245 2
5813057461 7
5813057464 5
5813057481 3
5813057861 5
5813057864 10
5813057933 3
5813057973 3
5813058050 7
5813058222 3
5813058272 3
5813058319 7
5813058320 7
5813058350 3
5813060068 2
5813060701 5
5813060768 1
5813061024 2
5813061112 3
5813061114 7
5813061260 5
5813061642 1
5813062838 7
5813062858 5
5813063093 1
5813063137 3
5813063524 9
5813063587 3
5813063829 1
5813064332 1
5813065004 7
5813065365 5
5813065519 1
5813067732 1
5813067963 4
5813068484 3
5813068575 5
5813068748 2
5813068769 7
5813069512 2
5813069630 3
5813070569 2
5813071068 3
5813071078 1
5813071257 3
5813071348 1
5813071370 10
5813075619 5
5813075692 3
5813075875 3
5813075932 1
5813076043 5
5813076392 2
5813077469 1
5813077929 7
5813078571 1
5813078641 7
5813079192 7
5813079417 1
5813080768 1
5813081474 1
5813081849 3
5813081864 5
5813082239 2
5813082780 5
5813083779 7
5813083780 7
5813087620 3
5813087891 2
5813087953 10
5813087991 3
5813088784 3
5813089157 7
5813092990 10
5813094560 2
5813094811 8
5813096198 3
5813096913 3
5813097020 2
5813097634 3
5813097926 3
5813098223 7
5813098975 3
5813103626 5
5813105726 1
5813105778 7
5813108129 3
5813109327 5
5813111272 1
5813117385 7
5813123585 8
5813124162 1
5813126031 2
5813129271 5
5813129453 8
5813130366 5
5813132515 1
5813133463 7
5813134082 5
581336531 8
581358486 10
581409749 10
581414714 1
581652283 3
581746661 7
581790318 1
581962275 1
582027783 7
582381054 1
582696254 10
582700300 10
583132200 1
5901192948 8
5901193720 2
5901195945 10
5901196319 5
5901196628 1
5901201909 10
5901203310 10
5901203505 10
5901212906 8
5901213440 8
5901213624 5
5901215966 1
5901218930 7
5901221890 10
5901225755 2
5901227238 2
5901232053 1
602071049 1
603068370 3
603167111 2
603482385 1
604070433 10
604195247 1
604289581 5
604709727 8
604864322 1
604976663 8
605166418 10
605550395 1
605554875 1
606103219 3
606193500 1
606340818 1
606461310 8
606703149 5
607221569 8
607251100 3
607273128 1
607273339 1
607597135 3
607925257 3
607929192 1
607933758 5
607938091 3
607955261 1
608261812 5
608278754 3
608283432 5
608369629 10
608602824 1
609513630 3
609591880 8
609591891 8
609591989 8
609655670 1
609656444 3
609660480 10
609893831 1
609975449 3
609979769 3
609992451 10
609993550 1
610018976 1
610113424 5
610312734 7
610321430 3
610321522 3
610338229 10
610342229 10
610351307 3
610666582 1
610670860 10
610722297 1
610981555 5
610981584 8
611015907 1
611016455 10
611020135 10
611029037 3
611037750 7
611089775 7
611340150 1
611343891 10
611357256 10
611361002 3
611361058 10
611365952 10
611629428 8
611693656 3
611728142 10
611810783 8
612034653 3
612307129 5
612336669 8
612367371 8
612371421 8
612712334 8
612742137 7
612742165 7
612742224 7
612742229 7
612742298 7
612742316 7
612746557 7
612746670 7
612755343 7
612777140 10
613040803 7
613044611 8
613066879 8
613079053 8
613083298 7
613083317 7
613394707 3
614081109 10
614413183 3
634879889 1
635541640 1
635878327 1
635890732 7
635895000 1
635908014 1
636344136 1
636594376 1
636667489 1
636944318 1
637008792 1
637393228 1
637475264 3
637621553 1
638040562 3
638152829 3
638985608 3
639008013 1
639063702 10
639275368 8
639327084 1
639405054 1
639650941 3
639655157 2
639655378 3
639659397 1
639995972 5
6400000773 10
640276971 3
640596169 8
640665331 5
640691030 1
640691209 3
640963528 8
641373426 10
641688553 8
641709401 10
641709938 8
641714522 3
642024743 8
642046803 3
642387775 3
642387793 3
642504699 8
642509080 5
642651049 5
642715563 3
642715875 3
642723975 8
642724189 3
642732835 8
642763119 10
643039876 10
643052767 3
643060819 3
643073880 10
643152220 10
643329030 5
643389529 1
643393020 3
643393688 3
643401816 3
643402037 3
643721915 3
643739027 8
643743142 8
643773259 7
643794320 7
644083764 8
644113913 7
644148661 7
644153089 7
644425543 3
644433538 7
644450565 7
644757911 3
644761952 3
644788121 7
645086558 1
645111897 3
645449236 3
665479890 2
666200256 10
666575508 1
666994301 2
667266529 8
667271225 1
668285416 5
668967527 7
669088684 8
669421910 1
669649730 2
669649736 5
669670654 3
669965108 8
669978138 3
670020922 1
670089878 1
670353202 1
670357457 3
670370149 1
670370239 1
670703141 1
670883838 3
671035328 3
671234167 1
671345931 5
671657343 8
671660941 8
671751354 10
671756253 1
671795298 10
672041363 8
672092798 1
672407642 3
672429275 7
672494647 3
672598344 3
672697926 8
672723441 5
673068602 3
673085574 3
673090000 3
673405506 7
673426911 8
673435566 7
673509195 8
673758836 3
673772244 8
673772290 7
674069555 5
674096140 8
674108632 1
674108802 8
674423996 5
674427795 3
674446014 8
674532291 1
674781866 3
674882302 7
675127699 7
675127915 2
675144908 7
675166212 3
675187531 7
675447609 3
675490204 3
675528661 7
675767414 5
675800901 8
675809900 2
675822559 3
675822802 7
675887521 8
676133767 2
676138357 8
676479156 3
676479217 3
676824431 3
695500178 8
696617609 1
697265869 3
697269889 1
697316795 7
697939194 5
698314499 1
698443880 1
698742094 1
698979607 1
698996246 1
699178922 8
699358695 1
699363923 3
699463239 5
699687305 1
699695617 1
699998408 2
700037217 1
700335140 1
700377995 1
700481649 8
700658962 8
700683875 5
700982749 8
701345660 5
701371011 2
701383309 5
701469455 1
701733434 3
701742479 1
702069970 3
702079023 3
702079135 3
702152113 1
702199343 3
702389193 5
702506641 3
702730227 5
702760942 3
702882168 1
703059097 8
703101952 3
703179848 7
703387200 8
703438567 3
703520999 3
703779386 3
703857506 7
703866010 3
704111734 3
704116248 8
704453006 3
704466265 8
704548608 1
704552421 3
704785058 2
704785256 7
704785546 5
704816317 1
705217250 10
705234668 7
705462899 8
705463175 5
705463539 5
705471952 2
705554385 1
705787638 8
705795727 7
705816818 8
706176085 7
706451920 8
706473389 3
706508078 8
706520453 3
706819341 8
706948318 8
707854620 3
707854989 3
707858790 3
707863263 3
708187441 3
708208811 1
708545526 3
7112622044 7
725701350 8
727929407 3
728625156 5
728667734 1
728974338 5
729007988 3
729358056 3
729698667 1
730001920 3
730006122 2
730104740 1
730147972 1
730398148 1
730398229 3
730692294 2
730721558 1
731062953 3
731688775 8
731689147 8
732059827 5
732077752 3
732163357 1
732431788 3
732777416 1
733182574 1
733192083 1
733399215 8
733458828 7
733796382 3
733834095 1
734132592 3
734327429 3
734408687 8
734473582 3
734491001 10
734599550 8
734754585 8
734814622 2
735488299 2
735941254 8
736109737 8
736140238 7
736174181 7
736433303 1
736791573 1
736830579 8
736860990 3
737189212 1
737491049 5
737491087 5
737824168 2
737832306 2
737892940 3
738246510 3
739213376 3
739256609 1
739567785 3
739572008 7
757538997 3
758674661 8
758955666 1
758977730 1
758990648 3
759667315 1
759681018 2
760021137 3
760268555 8
760323253 3
760358472 3
760397222 3
760729207 3
761040902 2
761096077 1
761537199 3
761843188 1
762037782 7
762058745 7
762274975 8
762745906 5
763086729 8
763116811 3
763186493 1
764144161 3
764148834 3
764153172 3
764817903 2
765145895 5
765245188 1
765504308 2
765564814 10
766186252 7
766255970 8
766385551 1
767455273 3
767473384 7
767903933 7
767904550 7
768590452 3
769199010 8
769263962 7
769268002 7
769355285 7
769670101 7
769924974 7
770249286 3
789130596 2
789398359 1
790405385 5
790417325 1
790417660 1
790641825 8
790741191 3
790982851 8
791043906 7
791427589 3
791527493 3
792062042 7
792175182 1
792450754 3
793797279 7
794462286 8
794466376 2
794945765 5
794946803 5
794967711 7
795187525 1
795546494 1
795826923 8
796193592 2
796393522 3
796543393 3
796599303 10
796755936 3
796889169 7
797194962 8
797255293 1
797277919 8
797281464 7
798939240 7
799263200 7
799521639 3
799578347 8
799586652 8
800212579 3
800212976 7
800233950 3
800238269 7
800303089 7
800373114 7
800588608 7
800622401 8
800925392 3
800937779 8
801257348 1
801283077 2
820856412 1
821418392 7
821686394 1
821728921 1
821729208 1
821729315 4
821729349 1
821729374 3
822078542 7
822376419 1
822380754 1
822428009 7
822461999 3
822505389 3
823058891 1
823852745 1
823879266 1
824115747 1
824349873 3
824457714 1
825489724 8
825822254 2
826136822 8
826659627 5
826844892 8
827673856 3
827889523 8
827911067 5
828282250 1
828316115 1
828316308 1
828316734 8
828934059 7
828955389 3
829050526 7
829279239 8
829636950 7
829693574 7
830634936 8
831291329 8
832646151 3
833043564 3
850181951 5
851110676 2
851114700 2
852422640 3
852763122 1
853173648 2
853437941 3
853514696 3
854883067 2
855147657 7
855493136 1
855638407 1
858453703 6
858604499 2
858906840 8
859265651 8
859381489 5
859665971 1
859688555 1
860305498 5
861005020 7
861065482 7
861251038 3
861251942 3
861583205 8
861665641 8
862010850 2
862278897 3
862671913 8
862697175 8
862722715 7
863059358 1
863698974 8
881220948 5
882239837 5
882922539 2
883500704 5
884123412 3
884636075 1
885253534 5
885257938 5
885262090 5
885262118 5
887230673 2
887588829 3
887640858 1
887921032 2
888146447 3
889863729 1
890197225 1
890425079 5
890671753 5
891663788 2
891771553 7
892376241 7
892376440 7
892385258 7
892398461 2
892722090 7
893338771 3
893710296 8
893741163 7
893754136 7
894020730 8
894362173 2
894380152 7
894702888 2
894724798 8
895091952 7
895441451 8
910451489 2
911569552 2
912583959 5
913681721 2
914298735 2
914466864 3
914778159 2
914850280 1
915188031 3
915273417 5
915503330 2
915520244 4
915605802 5
915623395 5
915946994 5
915951309 5
915960293 5
915964748 5
916456567 3
916637896 5
916646779 5
917298286 1
917643796 1
917919724 8
919168397 1
920869856 7
920873167 7
922302296 3
922595498 3
922643119 3
922992588 3
923415956 7
923761285 7
924049792 8
924737391 8
924788221 7
925241334 7
925799233 10
925811326 7
925824977 1
926490072 7
940791248 5
945354221 1
946300310 5
946308462 5
947003647 5
947573616 3
947582284 2
947681334 5
947681560 5
947681574 5
947685653 5
947858895 8
947862945 8
947898091 3
948851462 3
951645198 3
951808062 5
952374245 2
952525648 2
952724101 8
953013850 3
953410147 8
953414780 7
954705691 3
956126012 8
956518968 2
958197533 7
975197713 7
976934253 1
976964834 3
976994022 5
977002560 5
977339122 5
977339225 5
977352235 5
977413163 3
977598865 3
977697611 5
978056035 1
978681977 5
978686129 5
978971398 7
979066072 5
979368408 5
980978890 7
980982986 7
981000564 3
982070626 5
982389963 2
983067799 5
983093876 5
983426636 5
983430664 5
983767417 2
983767602 5
984536209 7
984799284 7
984833702 1
986089634 2
986098785 3
986974738 8
987117151 2
987273073 8
988567837 7
988909130 7
989228019 7
