1003215282 1
1005952640 2
1006928515 2
1007260806 3
1008024276 4
1008102479 1
1008369339 4
1008391068 4
1008693605 4
1008966615 2
1008970563 3
1009371535 4
1009578838 5
1010044978 6
1010235132 7
1010437434 4
1011970102 8
1013040388 9
1013066710 10
1013416147 11
1013757060 12
1013779115 12
1014102651 4
1014223948 4
1014457195 4
1014461486 4
1014465452 4
1014465588 4
1014465666 4
1014474192 4
1014802430 13
1015143077 10
1015458774 14
1015479949 15
1017547830 16
1020608279 11
1035393986 4
1036257907 17
1036503560 13
1036637830 18
1036646944 19
1036987921 20
1037612992 3
1039063931 4
1039068185 4
1039085109 4
1039400642 4
1039426238 4
1039685005 1
1039754434 4
1041071176 4
1041075688 6
1041666949 11
1042116109 6
1042366365 21
1042724993 22
1044800536 4
1044805646 4
1044918145 4
1045141938 4
1045268099 4
1048250312 23
1048289014 24
1048975307 25
1049247113 26
1049261193 11
1049946735 11
1050249353 27
1050581215 11
1050922195 28
1050935614 11
1051980223 26
1065284812 29
1066516552 12
1068436695 30
1068777508 31
1069002537 32
1070103072 33
1070103331 4
1070141508 34
1070422316 4
1070651567 26
1071121755 4
1071496918 4
1071760480 4
1071769518 4
1072063538 35
1072455791 36
1072503099 12
1072507501 4
1072533980 6
1072779298 4
1072779568 6
1072874511 6
1073069488 37
1073314797 7
1075598224 4
1075611602 4
1076173414 28
1076185604 4
1076198559 12
1081957306 32
1099043553 32
1099389583 38
1100085251 2
1100801188 25
1101142083 12
1101474458 11
1102191395 39
1102795781 6
1102804327 4
1104155212 4
1104790425 40
1106888382 4
1106944058 41
1107561814 42
1107566171 12
1107566252 12
1111757266 43
1112443807 11
1130783454 34
1132168616 25
1132168736 4
1132176882 12
1132406255 44
1133562752 4
1133839128 6
1134140939 45
1134849078 4
1135881013 6
1135898324 4
1135941181 12
1135941581 4
1135984965 6
1136252170 4
1136852717 9
1137590955 32
1138026774 4
1138212774 46
1138587910 32
1138915459 13
1139909038 23
1140923511 23
1144761556 11
1158402729 47
1158691908 48
1160073701 11
1161459105 49
1162534149 16
1162862710 26
1163552692 12
1164503211 50
1164545788 4
1164882751 4
1165305889 4
1166674437 4
1167235473 6
1167235720 6
1168915489 23
1170352367 51
1170645699 52
1172031461 45
1173029301 53
1175433492 54
1192922295 55
1193599901 56
1195891557 4
1195999722 4
1199327859 4
1200014419 32
1200554295 57
1200619473 58
1201659335 59
1204063702 7
1220412108 60
1220434040 61
1223274640 32
1223388206 62
1224591253 4
1226206190 1
1230095228 4
1232038141 32
1257629175 4
1260197431 32
1260197510 63
1260542968 64
1260883995 64
1261129711 6
1262360335 23
1263646693 64
1283173461 65
1284312505 59
1285343852 2
1288953551 22
1289359184 25
1291142212 4
1291374677 4
1292027772 9
1292083252 12
1295855722 66
1300276335 23
1311487571 12
1313849992 65
1316245799 67
1320480289 4
1323454861 4
1325133618 68
1325138116 13
1325405571 32
1325479712 13
1330008281 11
1331311183 47
1343891368 4
1344275238 69
1345061120 4
1345596879 56
1351065769 4
1353043462 23
1356173442 13
1362674294 30
1374649768 50
1387527359 70
1387868622 13
1387881882 63
1388223120 32
1407139453 71
1407398468 2
1407783264 55
1410516394 55
1415829386 46
1418572258 13
1418924735 13
1419909152 14
1439754917 72
1444351896 23
1446527869 29
1448591766 14
1448794542 73
1449606569 13
1449611593 74
1455438367 75
1465630554 26
1470065021 19
1479618250 23
1480653743 32
1481340761 32
1498379140 63
1501820626 22
1504207129 11
1506382974 76
1507933560 77
1510648834 23
1511016097 32
1512029563 32
1512034076 32
1512707390 19
1533226802 48
1533542078 77
1534270924 23
1534721340 31
1535791554 73
1541338954 74
1543949467 21
1570111396 4
1570922129 9
1598011458 68
1600489166 23
1605181883 23
1605842920 23
1623262447 78
1628062270 56
1629383757 68
1632055020 79
1637171546 23
1666561406 23
1669255212 23
1671952694 80
1692782686 9
1696897255 51
1716082078 77
1719953914 81
1722164148 82
1728942250 23
1733370882 83
1748666238 17
1753523046 71
1757612027 32
1785931916 56
1787636059 68
1811163357 48
1811163598 48
1812493277 79
1814604278 30
1817712927 61
1820005073 23
1843536369 38
1875284107 56
1877667406 84
1882009576 46
1883042152 85
1914460817 56
1916485259 56
1933892078 48
1942806972 86
1943147567 86
2034477252 87
2067847820 9
2147677469 88
2216261919 89
263674097 80
266187480 6
266187559 90
267214250 91
267223104 92
267551639 91
267564140 92
267896360 93
296199021 53
296203324 53
296203325 53
296203392 53
296203434 53
296203440 94
296531366 53
296535619 53
296535655 53
296855409 6
296859399 5
296885362 93
297217528 6
297230760 95
297563139 35
297580589 95
297584869 96
297588995 97
297908595 4
297917363 95
297917364 98
297917459 95
297917475 93
297921608 91
297934349 99
297938585 95
297947227 91
298241038 98
298254474 100
298254517 35
298258354 95
298258399 101
298258513 95
298258611 95
298262408 102
298262599 6
298262663 95
298266903 98
298599271 103
298603633 5
298603693 95
298603730 103
298612190 95
298927362 100
298944444 4
298944479 98
298957166 95
299289811 104
299290105 35
299617529 105
324721026 106
324725187 107
325743813 108
326253554 109
326474963 110
326879917 111
326884223 53
326884331 61
326888609 90
326888627 53
326888675 93
327587644 84
327588074 112
327588446 84
327881747 113
327933008 114
327933027 114
327933061 95
327937506 102
328010530 115
328244591 6
328265389 35
328274638 116
328278449 95
328533761 25
328611654 95
328935472 98
328939480 6
328943204 117
329225149 118
329301513 95
329301762 100
329566174 25
329566197 95
329638509 6
329646990 108
329970706 98
329983926 4
329988112 117
330316013 95
330319983 93
330415332 35
330640044 119
330678844 120
331343089 93
356429209 101
356878521 121
357250238 122
357573154 123
357581846 123
357599074 124
358264919 100
358639742 35
358847551 35
359317340 100
359744514 91
359931311 92
360268385 125
360310976 126
360349882 103
360591860 95
360677632 84
360690414 84
360773196 127
361005850 119
361312808 95
361341837 12
361364000 128
361376643 10
361445621 129
361700674 93
361722354 101
362299997 116
362719326 112
386833850 130
386877197 61
387568523 131
387939094 132
387952104 102
388267095 53
388280249 133
388293131 112
389311717 126
390003153 134
390330983 98
390331214 98
390352384 95
390473497 135
390590450 95
391016873 90
391610069 101
391971839 136
392389970 32
392821837 91
393063351 35
393776005 137
394095053 103
416876055 84
417221397 117
417558532 84
417908800 35
418175238 28
418503161 101
418607079 61
418607328 138
418607477 132
418969956 132
418970154 139
418987009 112
419345606 35
420010739 90
420325753 20
420351087 84
420351828 112
420586101 35
420666689 111
420688241 117
420696828 102
420723066 84
421041565 11
421055181 130
421405157 84
422056477 105
422056521 122
422419397 90
422622063 95
422738252 140
422742649 4
422751191 95
423096449 125
423749262 12
423792217 103
424193116 103
424250610 141
424434994 80
424443911 142
424452682 103
424792976 117
424793122 10
424918786 143
425104178 95
425143700 52
425148091 137
425471220 144
447599745 145
447872055 140
448342846 43
448869118 146
449205588 108
449244969 147
449288517 35
449296930 121
449685778 84
450034902 35
451049385 124
451062462 90
451365099 4
451390676 124
451662040 124
451722668 148
451995306 149
451995734 142
452340995 107
452689494 116
452771913 53
453108601 150
453130054 35
453457927 113
453527730 35
453536107 150
454477603 46
454481372 99
454787848 40
454822542 151
455155337 11
455159380 152
455500416 116
456187010 144
456506289 90
456523994 116
456833888 129
456847092 90
456847100 150
457520516 153
478591447 11
479260891 105
479908320 154
480029788 35
480258208 155
480328501 121
480387478 84
480681197 121
480987689 35
481035392 61
481070027 35
481191030 135
481295335 28
481359062 84
481371769 53
481390070 90
481394217 90
481406868 35
481731074 90
481747302 35
482417237 144
482732443 156
483017681 53
483720758 95
483797945 13
484130600 15
484134987 90
484147730 150
484368420 108
484735637 157
484821546 95
484829654 117
484890037 84
485511772 115
485589846 120
485628489 135
485745069 158
485934965 153
486185442 90
486255488 159
486544396 116
486842208 4
486876782 160
487187476 104
487212916 161
487286529 153
487541595 102
487882168 161
487882906 134
487899426 103
487925063 104
487968933 103
488231898 145
488572496 162
488581156 163
488922181 11
508689623 11
509924185 28
509928946 136
509945954 61
510049477 140
510278853 40
510676580 53
510680365 84
511660697 110
511685969 164
512014262 35
512765816 142
512787296 35
513344531 101
513668146 165
514043443 101
514068564 131
514116545 98
514475106 4
514708179 166
514807275 4
514816333 4
514833145 161
514842241 84
514850616 46
515092013 110
515152792 126
515524209 167
515588291 35
515869245 150
516163285 168
516283789 116
516287961 161
516288120 150
516551382 150
516780722 116
516806504 66
516844782 80
516965856 169
517242832 84
517578770 52
517587356 91
517838657 136
517872280 10
517910959 103
517915796 170
517916020 170
518217691 171
518269350 170
518558825 10
518598175 172
518861029 80
518930199 43
519004170 92
519046655 25
519616809 15
540972196 144
541011631 173
541697718 164
542376096 84
542410481 61
542691005 35
542699260 123
543049093 35
543062097 174
543092817 175
543135607 99
543412036 176
543433461 6
543821838 145
544037996 165
544038123 11
544158940 4
544265891 177
544611593 177
544706811 176
545289059 169
545444996 149
545501062 168
545510060 105
545535468 112
545626238 169
545903200 84
545906392 102
545966857 169
545967081 169
545971196 169
546080131 178
546217818 99
546303917 120
546316427 103
546559025 179
546641039 153
546661879 126
546661881 169
547158593 116
547227734 178
547240545 160
547258283 130
547318128 178
547551580 110
547552266 11
547565159 100
547659321 161
547927681 121
548225503 176
548570973 11
548678665 150
548712377 95
548937579 172
548963433 180
548993536 84
549161688 181
549269622 6
549282467 1
549347735 135
549364902 161
549597974 15
549722579 11
550081666 10
550275952 108
550297695 102
550319575 153
550322829 182
550426732 10
550617370 108
550621853 108
550638250 171
550655668 116
550750102 183
550962648 103
550988122 11
551303686 103
551337690 182
551751981 11
551989415 144
571666434 184
573142557 168
573337611 108
573402255 61
574040939 144
574511458 35
574515806 35
574732075 118
574736017 58
575197482 116
575301459 147
575323308 5
575768294 95
576082257 35
576475847 107
576502536 108
576566223 101
576566287 13
576566621 84
576574889 84
576825965 43
576898212 125
577002771 185
577205270 62
577244511 35
577330676 84
577554935 15
577709776 143
578008551 134
578254032 110
578284233 99
578556621 136
578621125 84
578642656 159
578690477 53
578919867 122
578936675 4
579194975 186
579230376 171
579234980 80
579239039 122
579268807 4
579536041 46
579575594 42
579912201 171
579946370 15
580287695 136
580288167 15
580300616 15
580662960 84
580680652 159
580732377 91
580780309 103
581004609 107
581013183 187
581064707 167
581099105 143
5812979948 28
5812980103 28
5812980109 108
5812980142 112
5812980470 101
5812980473 188
5812980494 188
5812980520 103
5812980529 116
5812980658 80
5812980666 10
5812980710 90
5812980743 4
5812980884 84
5812980916 189
5812981016 35
5812981228 35
5812981237 105
5812981381 11
5812981506 35
5812981517 35
5812981791 11
5812982052 53
5812982295 146
5812982324 84
5812982711 42
5812982885 86
5812982994 80
5812983110 190
5812983128 191
5812983240 46
5812983825 11
5812983831 11
5812983878 34
5812984012 2
5812986798 6
5812987034 56
5812989861 12
5812991473 81
5812992091 57
5813008934 95
5813009358 126
5813009578 96
5813009620 95
5813009766 192
5813010212 193
5813010265 53
5813010266 179
5813010279 144
5813010748 90
5813010828 4
5813011074 11
5813011125 4
5813011133 161
5813011165 90
5813011166 150
5813011298 140
5813011320 194
5813011443 121
5813011483 53
5813011486 138
5813011512 195
5813011660 84
5813012136 53
5813012193 150
5813012231 103
5813012786 168
5813012995 196
5813013202 144
5813013630 197
5813013636 187
5813014032 198
5813014391 4
5813014693 4
5813014777 6
5813015068 117
5813015408 199
5813015448 21
5813015594 19
5813016900 4
5813016958 21
5813019560 80
5813020388 23
5813020674 168
5813020676 15
5813020696 35
5813020751 28
5813020785 95
5813020800 6
5813020803 98
5813020817 117
5813020840 95
5813020855 28
5813020857 108
5813020996 10
5813021005 101
5813021046 104
5813021122 73
5813021192 35
5813021223 150
5813021225 35
5813021235 108
5813021238 126
5813021247 4
5813021498 61
5813021564 35
5813021566 35
5813021602 137
5813021899 21
5813022026 13
5813022160 105
5813022257 11
5813022339 200
5813022343 21
5813022375 11
5813022404 152
5813022424 43
5813022429 145
5813022459 144
5813022538 32
5813022759 11
5813022814 46
5813022915 196
5813022923 4
5813022976 9
5813024852 60
5813026589 35
5813026661 150
5813026705 116
5813026785 20
5813027592 140
5813027737 11
5813032709 28
5813033379 2
5813033443 161
5813035328 201
5813035694 46
5813038579 48
5813039906 93
5813040000 6
5813040037 202
5813040190 21
5813040712 35
5813040766 53
5813041169 39
5813041237 42
5813041304 32
5813041525 125
5813041610 33
5813041684 4
5813046658 135
5813046951 91
5813047739 35
5813048229 3
5813048745 2
5813049378 116
5813049907 95
5813049946 38
5813050455 158
5813050772 73
5813052205 144
5813053669 13
5813053860 37
5813053923 42
5813054079 11
5813054659 203
5813055298 86
5813055535 204
5813055749 4
5813055768 92
5813055769 116
5813055800 131
5813055817 115
5813055949 43
5813055999 4
5813056041 167
5813056054 44
5813056057 127
5813056071 35
5813056101 21
5813056168 90
5813056257 28
5813056881 126
5813056917 35
5813056944 84
5813057162 101
5813057245 23
5813057461 11
5813057464 4
5813057481 182
5813057861 4
5813057864 91
5813057933 176
5813057973 101
5813058050 11
5813058222 61
5813058272 46
5813058319 11
5813058320 11
5813058350 80
5813060068 23
5813060701 4
5813060768 21
5813061024 30
5813061112 154
5813061114 10
5813061260 25
5813061642 121
5813062838 11
5813062858 25
5813063093 49
5813063137 101
5813063524 205
5813063587 46
5813063829 174
5813064332 35
5813065004 26
5813065365 4
5813065519 72
5813067732 21
5813067963 78
5813068484 46
5813068575 105
5813068748 73
5813068769 11
5813069512 23
5813069630 91
5813070569 20
5813071068 53
5813071078 115
5813071257 72
5813071348 29
5813071370 172
5813075619 100
5813075692 61
5813075875 20
5813075932 35
5813076043 4
5813076392 125
5813077469 115
5813077929 120
5813078571 127
5813078641 26
5813079192 11
5813079417 84
5813080768 206
5813081474 21
5813081849 207
5813081864 4
5813082239 30
5813082780 103
5813083779 11
5813083780 11
5813087620 88
5813087891 68
5813087953 208
5813087991 61
5813088784 2
5813089157 11
5813092990 182
5813094560 63
5813094811 108
5813096198 100
5813096913 199
5813097020 13
5813097634 178
5813097926 54
5813098223 209
5813098975 46
5813103626 4
5813105726 35
5813105778 10
5813108129 53
5813109327 153
5813111272 21
5813117385 11
5813123585 108
5813124162 35
5813126031 77
5813129271 4
5813129453 146
5813130366 4
5813132515 84
5813133463 11
5813134082 169
581336531 163
581358486 167
581409749 91
581414714 182
581652283 53
581746661 11
581790318 36
581962275 210
582027783 26
582381054 84
582696254 116
582700300 116
583132200 153
5901192948 171
5901193720 32
5901195945 103
5901196319 6
5901196628 35
5901201909 144
5901203310 161
5901203505 116
5901212906 192
5901213440 43
5901213624 176
5901215966 135
5901218930 10
5901221890 95
5901225755 86
5901227238 30
5901232053 35
602071049 168
603068370 61
603167111 32
603482385 35
604070433 116
604195247 168
604289581 143
604709727 67
604864322 35
604976663 179
605166418 116
605550395 35
605554875 35
606103219 53
606193500 58
606340818 200
606461310 144
606703149 185
607221569 211
607251100 53
607273128 35
607273339 121
607597135 15
607925257 20
607929192 35
607933758 4
607938091 38
607955261 186
608261812 101
608278754 110
608283432 21
608369629 150
608602824 35
609513630 178
609591880 108
609591891 108
609591989 108
609655670 35
609656444 15
609660480 53
609893831 35
609975449 28
609979769 53
609992451 150
609993550 84
610018976 148
610113424 10
610312734 11
610321430 53
610321522 53
610338229 53
610342229 150
610351307 46
610666582 35
610670860 53
610722297 152
610981555 80
610981584 15
611015907 84
611016455 53
611020135 150
611029037 61
611037750 11
611089775 120
611340150 35
611343891 53
611357256 150
611361002 107
611361058 150
611365952 208
611629428 43
611693656 53
611728142 116
611810783 15
612034653 101
612307129 4
612336669 212
612367371 171
612371421 171
612712334 171
612742137 21
612742165 21
612742224 21
612742229 11
612742298 21
612742316 21
612746557 21
612746670 21
612755343 11
612777140 180
613040803 10
613044611 163
613066879 66
613079053 104
613083298 11
613083317 11
613394707 46
614081109 116
614413183 202
634879889 168
635541640 121
635878327 121
635890732 166
635895000 84
635908014 84
636344136 135
636594376 84
636667489 186
636944318 84
637008792 147
637393228 132
637475264 196
637621553 213
638040562 53
638152829 178
638985608 123
639008013 84
639063702 53
639275368 156
639327084 133
639405054 177
639650941 195
639655157 13
639655378 28
639659397 35
639995972 15
6400000773 102
640276971 110
640596169 108
640665331 4
640691030 84
640691209 61
640963528 108
641373426 144
641688553 104
641709401 208
641709938 108
641714522 101
642024743 40
642046803 53
642387775 53
642387793 53
642504699 42
642509080 13
642651049 214
642715563 28
642715875 28
642723975 131
642724189 101
642732835 43
642763119 116
643039876 215
643052767 107
643060819 216
643073880 144
643152220 150
643329030 140
643389529 84
643393020 195
643393688 20
643401816 53
643402037 53
643721915 107
643739027 108
643743142 144
643773259 11
643794320 11
644083764 144
644113913 217
644148661 21
644153089 218
644425543 219
644433538 11
644450565 11
644757911 152
644761952 53
644788121 11
645086558 84
645111897 9
645449236 220
665479890 156
666200256 116
666575508 168
666994301 32
667266529 43
667271225 130
668285416 4
668967527 11
669088684 221
669421910 177
669649730 42
669649736 39
669670654 61
669965108 15
669978138 100
670020922 35
670089878 135
670353202 61
670357457 61
670370149 35
670370239 84
670703141 133
670883838 175
671035328 28
671234167 35
671345931 6
671657343 222
671660941 108
671751354 223
671756253 21
671795298 208
672041363 173
672092798 24
672407642 53
672429275 203
672494647 181
672598344 164
672697926 108
672723441 140
673068602 28
673085574 61
673090000 61
673405506 224
673426911 44
673435566 212
673509195 129
673758836 61
673772244 212
673772290 212
674069555 214
674096140 149
674108632 35
674108802 108
674423996 28
674427795 28
674446014 14
674532291 153
674781866 178
674882302 120
675127699 217
675127915 13
675144908 11
675166212 53
675187531 21
675447609 216
675490204 61
675528661 10
675767414 15
675800901 144
675809900 13
675822559 225
675822802 11
675887521 129
676133767 14
676138357 108
676479156 46
676479217 61
676824431 225
695500178 146
696617609 27
697265869 38
697269889 121
697316795 19
697939194 6
698314499 35
698443880 132
698742094 84
698979607 35
698996246 35
699178922 146
699358695 84
699363923 61
699463239 151
699687305 35
699695617 35
699998408 13
700037217 35
700335140 132
700377995 213
700481649 221
700658962 15
700683875 181
700982749 39
701345660 4
701371011 13
701383309 143
701469455 221
701733434 53
701742479 35
702069970 226
702079023 207
702079135 207
702152113 35
702199343 196
702389193 6
702506641 20
702730227 128
702760942 61
702882168 125
703059097 108
703101952 53
703179848 23
703387200 108
703438567 53
703520999 53
703779386 175
703857506 120
703866010 53
704111734 164
704116248 12
704453006 35
704466265 43
704548608 200
704552421 145
704785058 13
704785256 224
704785546 28
704816317 116
705217250 150
705234668 120
705462899 108
705463175 214
705463539 4
705471952 13
705554385 210
705787638 108
705795727 28
705816818 144
706176085 11
706451920 106
706473389 79
706508078 108
706520453 46
706819341 184
706948318 156
707854620 162
707854989 46
707858790 46
707863263 46
708187441 46
708208811 84
708545526 61
7112622044 11
725701350 129
727929407 101
728625156 39
728667734 213
728974338 39
729007988 63
729358056 61
729698667 175
730001920 123
730006122 42
730104740 210
730147972 177
730398148 35
730398229 46
730692294 156
730721558 35
731062953 207
731688775 227
731689147 108
732059827 4
732077752 164
732163357 84
732431788 46
732777416 35
733182574 84
733192083 228
733399215 196
733458828 11
733796382 207
733834095 229
734132592 191
734327429 175
734408687 108
734473582 164
734491001 90
734599550 15
734754585 108
734814622 29
735488299 32
735941254 15
736109737 108
736140238 222
736174181 11
736433303 84
736791573 15
736830579 108
736860990 29
737189212 21
737491049 214
737491087 214
737824168 32
737832306 32
737892940 204
738246510 230
739213376 226
739256609 84
739567785 220
739572008 21
757538997 189
758674661 156
758955666 231
758977730 84
758990648 20
759667315 21
759681018 125
760021137 125
760268555 146
760323253 207
760358472 125
760397222 61
760729207 207
761040902 13
761096077 188
761537199 58
761843188 200
762037782 44
762058745 13
762274975 144
762745906 128
763086729 12
763116811 20
763186493 232
764144161 207
764148834 175
764153172 230
764817903 13
765145895 6
765245188 228
765504308 13
765564814 208
766186252 11
766255970 233
766385551 21
767455273 9
767473384 234
767903933 183
767904550 11
768590452 46
769199010 144
769263962 11
769268002 151
769355285 191
769670101 161
769924974 11
770249286 216
789130596 32
789398359 21
790405385 4
790417325 200
790417660 121
790641825 197
790741191 61
790982851 106
791043906 219
791427589 61
791527493 164
792062042 21
792175182 135
792450754 94
793797279 196
794462286 62
794466376 156
794945765 4
794946803 4
794967711 196
795187525 16
795546494 168
795826923 108
796193592 13
796393522 46
796543393 151
796599303 53
796755936 204
796889169 54
797194962 108
797255293 21
797277919 233
797281464 212
798939240 46
799263200 26
799521639 60
799578347 184
799586652 171
800212579 61
800212976 11
800233950 225
800238269 11
800303089 11
800373114 11
800588608 209
800622401 184
800925392 204
800937779 108
801257348 84
801283077 14
820856412 206
821418392 19
821686394 198
821728921 235
821729208 236
821729315 237
821729349 235
821729374 34
822078542 21
822376419 84
822380754 133
822428009 156
822461999 61
822505389 76
823058891 198
823852745 168
823879266 188
824115747 121
824349873 144
824457714 121
825489724 108
825822254 157
826136822 108
826659627 4
826844892 108
827673856 196
827889523 10
827911067 108
828282250 150
828316115 24
828316308 24
828316734 218
828934059 160
828955389 175
829050526 233
829279239 160
829636950 11
829693574 183
830634936 108
831291329 196
832646151 238
833043564 163
850181951 4
851110676 13
851114700 75
852422640 34
852763122 121
853173648 56
853437941 77
853514696 9
854883067 21
855147657 217
855493136 21
855638407 228
858453703 48
858604499 21
858906840 108
859265651 104
859381489 103
859665971 21
859688555 21
860305498 227
861005020 21
861065482 11
861251038 46
861251942 220
861583205 15
861665641 43
862010850 14
862278897 189
862671913 108
862697175 108
862722715 21
863059358 210
863698974 43
881220948 4
882239837 4
882922539 32
883500704 239
884123412 225
884636075 38
885253534 4
885257938 4
885262090 4
885262118 4
887230673 13
887588829 46
887640858 84
887921032 42
888146447 167
889863729 234
890197225 186
890425079 4
890671753 4
891663788 13
891771553 11
892376241 7
892376440 190
892385258 26
892398461 21
892722090 52
893338771 46
893710296 184
893741163 11
893754136 11
894020730 43
894362173 13
894380152 21
894702888 23
894724798 238
895091952 54
895441451 156
910451489 2
911569552 32
912583959 4
913681721 13
914298735 20
914466864 225
914778159 86
914850280 236
915188031 2
915273417 4
915503330 73
915520244 3
915605802 4
915623395 4
915946994 4
915951309 6
915960293 4
915964748 4
916456567 7
916637896 6
916646779 6
917298286 154
917643796 77
917919724 87
919168397 35
920869856 26
920873167 26
922302296 9
922595498 9
922643119 189
922992588 178
923415956 116
923761285 11
924049792 43
924737391 108
924788221 82
925241334 23
925799233 212
925811326 11
925824977 203
926490072 11
940791248 4
945354221 240
946300310 36
946308462 4
947003647 6
947573616 46
947582284 236
947681334 6
947681560 6
947681574 4
947685653 4
947858895 106
947862945 106
947898091 207
948851462 7
951645198 9
951808062 4
952374245 13
952525648 56
952724101 108
953013850 46
953410147 108
953414780 26
954705691 189
956126012 191
956518968 32
958197533 51
975197713 11
976934253 109
976964834 101
976994022 4
977002560 4
977339122 10
977339225 4
977352235 4
977413163 2
977598865 61
977697611 4
978056035 49
978681977 4
978686129 6
978971398 9
979066072 128
979368408 6
980978890 217
980982986 11
981000564 1
982070626 4
982389963 13
983067799 4
983093876 4
983426636 4
983430664 4
983767417 13
983767602 4
984536209 11
984799284 10
984833702 21
986089634 77
986098785 220
986974738 221
987117151 23
987273073 211
988567837 11
988909130 11
989228019 11
