1010947498 1
1041666949 1
1042656011 1
1043289707 2
1072063538 3
1110307501 3
1134729441 2
1141350537 3
1173029301 3
1202397143 3
1229538338 2
1325138116 3
1353690708 1
1570685132 4
1817712927 3
2001461914 1
2033503245 1
267551639 3
294436967 4
296203324 3
296531366 3
296543992 2
297580589 2
297921608 3
297947227 3
298210543 4
298254517 3
298258714 3
298262663 3
299272434 1
299289811 3
299604862 2
299609112 2
326253554 3
326810603 2
326884331 3
327242169 3
327881747 2
327933008 5
327933027 5
328179112 2
328193076 2
328265389 3
328274638 3
328373131 3
328533761 2
328861072 2
328879764 2
329211374 2
329560716 2
329566174 2
329566197 2
330237771 1
330268940 2
330998071 2
354797099 2
355133859 1
357146296 4
357515217 4
357859600 2
357863646 2
358208973 1
358209090 1
358209104 1
358209154 2
358213022 1
358877435 2
358899943 2
359210228 2
359892669 2
359918228 2
359931311 2
360238069 2
360259013 2
360259229 2
360591860 2
360950551 2
360958913 2
361105354 3
361312808 2
361614914 4
361722354 3
362024428 2
362299997 3
386829647 1
386842280 2
387870860 4
388208592 1
388211850 1
388267095 3
388565572 1
388898107 1
388898153 1
388898174 2
388902751 1
389205204 4
389934175 2
390258187 2
390271033 2
390271275 4
390275105 2
390279635 2
390280026 2
390564245 2
390594712 2
390599010 2
390612328 2
390616420 2
390616496 2
390919468 2
390947722 1
390961490 2
391297978 2
392325925 3
393171256 3
393340402 2
417190793 4
418214549 2
418516470 3
418556051 2
418897332 1
418922937 1
419230063 4
419588136 2
419596540 2
420274150 1
420614725 2
420623873 2
420904348 4
420965117 2
420973599 2
420973612 2
421041565 3
421297236 2
421300612 2
421305688 2
421305971 2
421318463 2
421318649 1
421641859 2
421650982 2
421650988 2
421654726 2
421655012 2
421992055 2
421992069 2
422000744 2
422337400 1
422635203 2
423101189 3
424379864 2
425471220 4
448869118 4
450294326 1
450635626 1
451049385 4
451662040 1
451663172 2
451982195 4
451995306 3
452336396 1
452340825 1
452340995 3
452344160 2
452681716 1
452685249 2
452694446 2
452971138 4
453026641 2
453026883 1
453030534 2
453035422 2
453108601 2
453376390 1
453708274 1
454041627 2
454822714 3
455500416 3
456523994 3
456847100 4
457175054 2
480297293 1
480608510 4
480940072 2
482356368 1
482702027 2
483038957 2
483042692 2
483711811 2
483712161 1
483720758 2
484069896 2
484825371 3
485093313 2
485171192 3
485430336 2
485511772 3
485934965 3
486194398 3
486544396 3
487144598 4
488231939 3
488559952 3
488891877 2
488922181 3
510623727 1
510951971 2
510952092 2
510956083 2
513668146 3
514043443 3
514073634 1
514397189 2
514406435 2
514712745 2
515450389 1
516283789 3
516780722 3
516806504 2
516844782 4
517138678 2
517242832 3
518217691 3
518598175 3
518925962 3
519012059 3
519279166 3
519949044 3
520272258 3
520617773 3
541326096 4
541347811 1
543821838 3
544706811 3
545082184 2
545441096 1
545444996 1
545445407 2
545453209 2
546127037 1
546438473 2
546464512 1
546472393 1
547158593 3
548488948 2
548712377 3
550326974 3
550388353 3
550655668 3
551337690 3
573713481 4
574040939 3
574377562 1
575063620 4
575197482 3
575768294 3
576143501 1
576816635 1
576821609 1
576825965 4
577473231 2
577499411 1
577835762 1
577844302 1
578189223 2
578189576 1
578530106 1
578621125 5
578642656 3
579014562 3
579536041 3
580227374 4
580732377 3
581004609 3
581013104 3
581013183 3
581013253 3
581055513 3
581064348 3
5812980142 3
5812980516 2
5812980529 3
5812981242 1
5812983831 3
5812986096 1
5813008942 2
5813009620 3
5813009788 1
5813009789 2
5813010133 1
5813010210 2
5813010282 1
5813010511 2
5813011074 3
5813011119 1
5813011483 3
5813011660 5
5813011738 4
5813012044 2
5813012048 2
5813012274 3
5813012979 3
5813013203 4
5813013279 3
5813019526 2
5813020347 3
5813020840 2
5813021090 4
5813021602 3
5813022976 3
5813026589 3
5813026705 3
5813039948 3
5813046951 3
5813047306 3
5813049378 3
5813050455 4
5813054053 1
5813054104 4
5813055769 3
5813055773 3
5813055800 3
5813055817 3
5813055859 2
5813055865 2
5813055866 2
5813055903 1
5813055904 1
5813056020 1
5813056243 2
5813056890 1
5813057162 3
5813058320 3
5813060687 3
5813063239 4
5813063587 3
5813069072 3
5813071068 3
5813071354 4
5813071370 3
5813077939 3
5813078641 1
5813083780 3
5813087438 4
5813108129 3
5813133640 3
582027317 3
582101022 3
582696254 3
583042026 2
5901203505 3
5901213494 1
604070433 1
604070461 2
604769716 1
605166418 1
607251100 3
607597135 3
608166388 2
608891515 1
609656444 3
610368283 3
610571450 2
610916994 2
611361002 3
612068881 3
612099662 3
613394707 3
613822435 3
614059839 2
614081109 3
634090169 4
634759240 4
636792984 2
638178497 2
638204954 2
638882263 2
639585968 1
639862370 1
639905310 1
640596169 1
641714522 3
642046803 3
642763119 3
642763374 3
643052767 3
643743142 3
644450565 3
644757911 3
644788121 3
666136034 1
666818214 2
667841133 2
671268907 2
671600919 2
671604934 2
672429275 3
672653737 1
673772244 3
674108802 3
674152184 3
674492842 3
674502264 3
674781866 3
675166212 3
696791034 2
696795331 2
699212545 2
701733434 3
703351975 2
703866010 3
705381843 4
707837502 3
726836665 4
727153132 1
728895864 1
729228602 4
729954382 4
730618686 1
730717696 3
730942383 2
732163357 5
732777416 3
733005935 2
733700589 1
734693858 1
734724111 2
735073668 2
735415046 2
736860990 4
757569579 4
760604568 1
760630148 4
761325477 1
761661626 1
764377593 1
764727525 1
765063664 1
765072733 2
767433432 1
789248033 1
790577606 4
790629881 1
790918006 2
792019471 1
792364888 1
795745097 1
796393522 3
800233950 3
800373114 3
821344462 1
833043564 3
853070023 1
854093627 1
854430148 1
857478368 1
884446447 1
885119984 1
887148641 2
888146447 4
888159271 1
917497441 1
917643796 1
919846263 2
924049792 3
948851462 4
949534412 4
950229431 4
980598738 1
