720575940602703072 1
720575940603201452 1
720575940603980256 1
720575940604033708 2
720575940604064958 3
720575940604088288 1
720575940604821950 4
720575940605158065 5
720575940605226673 6
720575940605307936 2
720575940605420902 7
720575940606264422 1
720575940606573490 8
720575940606628274 2
720575940606694758 8
720575940606764041 5
720575940606776585 2
720575940606913202 1
720575940607249365 5
720575940607557315 2
720575940607567881 9
720575940607575051 2
720575940607988745 9
720575940608216132 2
720575940608462684 5
720575940608529710 5
720575940608836291 5
720575940608886741 5
720575940608908100 4
720575940609088978 9
720575940609462626 1
720575940609718990 2
720575940609768345 4
720575940610008132 4
720575940610237134 8
720575940610318450 10
720575940610354274 8
720575940610355042 6
720575940610435441 11
720575940610469986 12
720575940610491694 7
720575940610505006 1
720575940610517443 2
720575940610537170 9
720575940610567577 2
720575940610585753 1
720575940610696654 4
720575940610704078 13
720575940610831058 2
720575940610864338 9
720575940610868578 14
720575940611048154 10
720575940611108676 1
720575940611160755 2
720575940611176362 13
720575940611197658 1
720575940611229298 2
720575940611376346 2
720575940611400434 6
720575940611418574 5
720575940611428977 8
720575940611443941 2
720575940611477683 8
720575940611549363 7
720575940611567918 1
720575940611617838 10
720575940611646962 9
720575940611698674 9
720575940611720165 5
720575940611811794 2
720575940611813330 5
720575940611872149 1
720575940611967658 4
720575940612030899 7
720575940612044750 12
720575940612065394 4
720575940612113635 6
720575940612170981 5
720575940612279538 2
720575940612281586 8
720575940612291682 4
720575940612302042 8
720575940612303102 5
720575940612321122 7
720575940612424362 4
720575940612456359 10
720575940612488142 5
720575940612488341 1
720575940612490958 7
720575940612572131 5
720575940612624753 1
720575940612630434 9
720575940612710371 10
720575940612712354 10
720575940612763250 9
720575940612854634 4
720575940612920214 2
720575940613038819 7
720575940613071313 5
720575940613126618 10
720575940613202322 2
720575940613458403 1
720575940613463471 2
720575940613481282 10
720575940613518092 15
720575940613524647 5
720575940613542055 9
720575940613635737 8
720575940613685162 16
720575940613749702 1
720575940613863731 8
720575940613944994 9
720575940613992657 9
720575940614009553 8
720575940614109586 9
720575940614137907 1
720575940614153937 1
720575940614305386 5
720575940614310050 15
720575940614365346 7
720575940614546942 17
720575940614684822 2
720575940614738956 3
720575940614742028 9
720575940614968287 2
720575940615054888 9
720575940615086698 9
720575940615109563 15
720575940615126578 9
720575940615160239 8
720575940615171003 1
720575940615305414 2
720575940615389087 4
720575940615480610 10
720575940615631266 8
720575940615647500 8
720575940615689634 6
720575940615775574 4
720575940615879325 4
720575940615918593 4
720575940615953202 2
720575940616071563 9
720575940616131414 5
720575940616133789 4
720575940616195412 5
720575940616200790 5
720575940616265077 10
720575940616271700 9
720575940616293889 5
720575940616342582 6
720575940616370065 5
720575940616411805 4
720575940616423647 5
720575940616429825 2
720575940616483284 9
720575940616483414 5
720575940616563668 10
720575940616621497 8
720575940616776633 2
720575940616885597 8
720575940616977822 2
720575940617024562 1
720575940617130068 7
720575940617272098 1
720575940617280657 1
720575940617281025 1
720575940617296029 1
720575940617338196 8
720575940617425593 10
720575940617496861 10
720575940617551409 1
720575940617559041 18
720575940617562072 10
720575940617616155 4
720575940617628789 7
720575940617630182 8
720575940617648453 5
720575940617677381 2
720575940617716893 1
720575940617720577 1
720575940617792985 8
720575940617839440 5
720575940617844509 8
720575940617853986 5
720575940617868249 2
720575940617871131 7
720575940617924181 2
720575940617955099 8
720575940617974941 9
720575940618029396 10
720575940618056350 2
720575940618132017 2
720575940618170526 2
720575940618176769 9
720575940618216862 9
720575940618263365 2
720575940618364480 15
720575940618395205 1
720575940618439569 2
720575940618463960 2
720575940618489108 2
720575940618563664 5
720575940618571200 10
720575940618589158 10
720575940618642054 1
720575940618670296 9
720575940618694480 9
720575940618718235 9
720575940618857083 9
720575940618907376 1
720575940618957825 1
720575940618975214 2
720575940618978645 4
720575940618995510 6
720575940619029680 1
720575940619038493 1
720575940619146053 10
720575940619169414 10
720575940619176094 1
720575940619230288 1
720575940619245016 8
720575940619321157 4
720575940619369688 9
720575940619382577 7
720575940619419457 4
720575940619471525 5
720575940619485424 2
720575940619564854 8
720575940619575979 1
720575940619595391 5
720575940619637056 2
720575940619689920 1
720575940619773008 9
720575940619775860 5
720575940619791469 2
720575940619828091 5
720575940619896711 8
720575940619899668 9
720575940619940693 4
720575940619969462 2
720575940620041837 3
720575940620096065 4
720575940620103595 1
720575940620158843 7
720575940620205225 7
720575940620212206 9
720575940620243476 2
720575940620245696 2
720575940620290992 4
720575940620321728 1
720575940620324613 2
720575940620356545 15
720575940620373469 1
720575940620464321 2
720575940620534744 2
720575940620561840 1
720575940620572592 4
720575940620597232 16
720575940620640124 2
720575940620658267 9
720575940620695423 3
720575940620716897 5
720575940620736422 5
720575940620802836 4
720575940620812353 8
720575940620868432 12
720575940620904614 12
720575940620933835 2
720575940621007952 5
720575940621025037 2
720575940621112199 7
720575940621123617 4
720575940621164148 5
720575940621201833 12
720575940621213556 8
720575940621260201 16
720575940621432926 16
720575940621435045 7
720575940621457690 5
720575940621510825 7
720575940621588139 8
720575940621613082 6
720575940621651327 1
720575940621656816 9
720575940621662332 9
720575940621664495 19
720575940621665263 1
720575940621667711 8
720575940621680774 1
720575940621720837 9
720575940621829302 7
720575940621895382 5
720575940621903896 5
720575940621904823 16
720575940622000422 9
720575940622022071 20
720575940622044394 2
720575940622094728 7
720575940622095228 8
720575940622151704 5
720575940622219190 1
720575940622263873 1
720575940622329357 9
720575940622366221 7
720575940622400648 7
720575940622424649 2
720575940622446341 12
720575940622497032 2
720575940622499879 1
720575940622535465 2
720575940622539411 8
720575940622629011 21
720575940622674835 10
720575940622679590 9
720575940622771811 7
720575940622775443 7
720575940622783752 10
720575940622790661 10
720575940622791429 8
720575940622869799 9
720575940622892045 9
720575940622943731 3
720575940622962440 5
720575940623001480 5
720575940623002805 2
720575940623069001 1
720575940623120222 8
720575940623139341 9
720575940623160583 1
720575940623191073 8
720575940623191625 9
720575940623213799 9
720575940623217577 8
720575940623231527 5
720575940623305963 10
720575940623333964 1
720575940623336316 7
720575940623370421 7
720575940623396548 7
720575940623426013 1
720575940623497340 1
720575940623503318 1
720575940623562172 2
720575940623579371 5
720575940623613149 4
720575940623687757 5
720575940623696136 2
720575940623697671 5
720575940623817223 5
720575940623862015 1
720575940623905719 5
720575940623943677 5
720575940623953845 12
720575940624049214 4
720575940624075507 10
720575940624106776 10
720575940624112152 8
720575940624199721 7
720575940624200679 5
720575940624206728 8
720575940624273957 2
720575940624280328 8
720575940624283882 4
720575940624295096 13
720575940624331016 7
720575940624344072 5
720575940624377018 9
720575940624383892 8
720575940624394790 1
720575940624426680 1
720575940624434360 1
720575940624534972 1
720575940624544748 5
720575940624585459 2
720575940624678733 7
720575940624743096 5
720575940624745203 4
720575940624799490 8
720575940624824248 5
720575940624882190 5
720575940624890296 1
720575940624920604 8
720575940624983054 9
720575940625003045 22
720575940625019454 10
720575940625021733 18
720575940625032171 2
720575940625034170 2
720575940625044784 8
720575940625067294 2
720575940625067593 5
720575940625069701 5
720575940625083061 16
720575940625084474 5
720575940625099278 1
720575940625106224 2
720575940625118096 12
720575940625137456 10
720575940625216954 4
720575940625240653 5
720575940625327034 5
720575940625408133 9
720575940625470526 5
720575940625510402 6
720575940625559908 2
720575940625613555 9
720575940625643909 2
720575940625690768 2
720575940625713033 8
720575940625726089 5
720575940625730562 10
720575940625736281 7
720575940625741287 5
720575940625764154 8
720575940625810324 2
720575940625813447 10
720575940625897572 4
720575940625907077 4
720575940625909991 9
720575940625922855 8
720575940625954291 21
720575940625976409 10
720575940626050599 5
720575940626051514 2
720575940626088281 2
720575940626089368 10
720575940626112062 1
720575940626117662 5
720575940626145636 10
720575940626146052 5
720575940626203394 1
720575940626232153 1
720575940626363529 8
720575940626500745 5
720575940626507027 5
720575940626524056 12
720575940626530953 1
720575940626544003 7
720575940626599420 4
720575940626650890 2
720575940626732560 9
720575940626741379 1
720575940626768442 8
720575940626806046 1
720575940626887198 1
720575940626902602 2
720575940626953063 15
720575940627047185 5
720575940627081534 7
720575940627168784 5
720575940627281594 1
720575940627309322 4
720575940627367708 7
720575940627388401 5
720575940627389639 23
720575940627417064 1
720575940627426835 9
720575940627447068 1
720575940627447427 8
720575940627463043 9
720575940627484181 1
720575940627490065 5
720575940627525378 9
720575940627572349 9
720575940627599815 7
720575940627617866 13
720575940627680911 2
720575940627683588 1
720575940627790991 1
720575940627866628 2
720575940627892935 7
720575940628001512 5
720575940628017563 5
720575940628074365 5
720575940628093309 12
720575940628208940 2
720575940628210887 2
720575940628238023 2
720575940628239183 4
720575940628245291 9
720575940628247084 2
720575940628249938 1
720575940628327228 4
720575940628342171 5
720575940628347654 4
720575940628360506 2
720575940628374377 2
720575940628445242 2
720575940628449639 2
720575940628510480 5
720575940628577383 5
720575940628695056 2
720575940628706325 1
720575940628716926 12
720575940628717585 5
720575940628725071 2
720575940628757110 10
720575940628805448 1
720575940628883535 1
720575940628901750 2
720575940628928772 2
720575940628931292 5
720575940628949886 5
720575940628953083 9
720575940629032791 1
720575940629043070 21
720575940629047162 2
720575940629067163 2
720575940629139834 2
720575940629229506 2
720575940629242428 5
720575940629259095 5
720575940629330426 1
720575940629342720 10
720575940629378903 5
720575940629413962 10
720575940629428695 1
720575940629430546 6
720575940629430978 9
720575940629432394 5
720575940629439994 7
720575940629446138 2
720575940629510518 2
720575940629547836 5
720575940629698012 5
720575940629701881 1
720575940629730934 9
720575940629789310 10
720575940629791288 5
720575940629822842 1
720575940629835727 9
720575940629846265 4
720575940629852163 15
720575940629860395 2
720575940629896764 7
720575940629897260 8
720575940629951481 9
720575940629964856 2
720575940630003195 7
720575940630034944 8
720575940630052546 8
720575940630075703 2
720575940630106309 1
720575940630165007 5
720575940630244763 2
720575940630269689 9
720575940630311383 1
720575940630321605 8
720575940630324620 2
720575940630347628 9
720575940630357110 4
720575940630362179 10
720575940630374219 2
720575940630387730 9
720575940630403031 1
720575940630470518 2
720575940630506358 8
720575940630539535 2
720575940630571148 2
720575940630629540 24
720575940630644727 8
720575940630655786 18
720575940630658627 2
720575940630669562 8
720575940630692986 9
720575940630703691 2
720575940630761854 5
720575940630799059 9
720575940630812663 15
720575940630831524 4
720575940630882263 10
720575940630901719 9
720575940630910199 8
720575940630930373 20
720575940630969939 6
720575940630981906 9
720575940631051851 9
720575940631069184 18
720575940631071559 8
720575940631082819 25
720575940631091407 1
720575940631122191 1
720575940631126189 6
720575940631188039 4
720575940631235665 10
720575940631275050 9
720575940631311443 3
720575940631320168 7
720575940631347242 2
720575940631428781 9
720575940631457388 18
720575940631458733 5
720575940631511436 8
720575940631527016 1
720575940631595603 9
720575940631608623 1
720575940631623417 2
720575940631625979 1
720575940631631929 4
720575940631639778 2
720575940631667281 5
720575940631673484 4
720575940631708973 8
720575940631711993 10
720575940631847763 5
720575940631851404 7
720575940631940377 1
720575940631989473 10
720575940631993159 9
720575940632042148 1
720575940632059309 1
720575940632171857 7
720575940632192676 8
720575940632373023 8
720575940632397891 6
720575940632407567 4
720575940632547423 10
720575940632589664 4
720575940632615507 10
720575940632672156 4
720575940632674912 6
720575940632731705 2
720575940632735545 2
720575940632749212 16
720575940632894946 2
720575940632943277 5
720575940632993336 2
720575940632998114 9
720575940633021338 4
720575940633094495 4
720575940633150767 6
720575940633292057 5
720575940633367889 1
720575940633401336 2
720575940633615820 10
720575940633616588 8
720575940633660386 12
720575940633705636 1
720575940633744632 9
720575940633744791 1
720575940633786007 2
720575940633803711 9
720575940633813856 9
720575940633893401 1
720575940633900896 9
720575940633903897 1
720575940634017619 10
720575940634103671 7
720575940634113687 2
720575940634139799 1
720575940634316139 8
720575940634356831 4
720575940634400631 5
720575940634412407 10
720575940634464352 2
720575940634498167 5
720575940634525792 1
720575940634666977 9
720575940634736538 9
720575940634776511 5
720575940634796951 26
720575940634866586 15
720575940635033023 4
720575940635102832 4
720575940635202204 1
720575940635508984 1
720575940635515744 5
720575940635539607 9
720575940635565175 5
720575940635583607 2
720575940635606167 5
720575940635703191 5
720575940635727735 1
720575940635802991 7
720575940635838655 8
720575940635887984 7
720575940635984239 7
720575940636111735 9
720575940636119988 20
720575940636124011 7
720575940636311130 2
720575940636351845 5
720575940636390542 18
720575940636491631 4
720575940636574388 8
720575940636609370 4
720575940636861406 6
720575940636938980 5
720575940636985822 4
720575940636992368 8
720575940636999280 8
720575940637002462 21
720575940637002724 27
720575940637079407 8
720575940637091674 16
720575940637120346 5
720575940637200503 5
720575940637317053 2
720575940637354815 2
720575940637435113 10
720575940637478077 2
720575940637658981 5
720575940637688030 1
720575940637711686 1
720575940637961449 10
720575940638136117 9
720575940638168639 9
720575940638201919 1
720575940638204132 1
720575940638285696 2
720575940638319686 9
720575940638336419 19
720575940638505798 5
720575940638616030 2
720575940638638670 5
720575940638660597 10
720575940638699069 5
720575940638734158 10
720575940638964824 21
720575940639007395 15
720575940639171044 2
720575940639293312 5
720575940639428515 2
720575940639751376 7
720575940640150235 2
720575940640460496 9
720575940640645949 5
720575940640757107 2
720575940640757467 5
720575940640791504 10
720575940640819544 2
720575940640869795 28
720575940641148405 2
720575940641386203 7
720575940641447387 2
720575940641450656 8
720575940641557133 3
720575940641560205 2
720575940641592461 5
720575940641681104 8
720575940641780187 5
720575940641953933 5
720575940642049736 9
720575940642489288 2
720575940642615515 7
720575940642617544 8
720575940642926372 29
720575940643103511 2
720575940643996196 5
720575940644327022 6
720575940644541600 2
720575940644570932 1
720575940644620579 2
720575940644639342 1
720575940644651556 30
720575940645771811 5
720575940645869188 2
720575940645972276 1
720575940646068020 1
720575940646407476 4
720575940646518382 15
720575940646609716 8
720575940646735156 5
720575940647079715 9
720575940647272836 2
720575940647836793 2
720575940648397177 7
720575940650929273 7
720575940651928566 1
720575940652202486 9
720575940653093025 9
720575940655011489 7
720575940659170433 5
