720575940602703072 1
720575940603201452 2
720575940603980256 3
720575940604033708 4
720575940604064958 5
720575940604088288 6
720575940604821950 7
720575940605158065 8
720575940605226673 9
720575940605307936 10
720575940605420902 11
720575940606264422 12
720575940606573490 13
720575940606628274 14
720575940606694758 15
720575940606764041 16
720575940606776585 17
720575940606913202 18
720575940607249365 19
720575940607557315 20
720575940607567881 21
720575940607575051 22
720575940607988745 23
720575940608216132 24
720575940608462684 25
720575940608529710 26
720575940608836291 27
720575940608886741 28
720575940608908100 29
720575940609088978 30
720575940609462626 31
720575940609718990 32
720575940609768345 33
720575940610008132 34
720575940610237134 35
720575940610318450 36
720575940610354274 37
720575940610355042 38
720575940610435441 39
720575940610469986 40
720575940610491694 41
720575940610505006 42
720575940610517443 43
720575940610537170 44
720575940610567577 45
720575940610585753 46
720575940610696654 47
720575940610704078 48
720575940610831058 49
720575940610864338 50
720575940610868578 51
720575940611048154 52
720575940611108676 53
720575940611160755 54
720575940611176362 55
720575940611197658 56
720575940611229298 57
720575940611376346 58
720575940611400434 59
720575940611418574 8
720575940611428977 60
720575940611443941 17
720575940611477683 61
720575940611549363 62
720575940611567918 56
720575940611617838 36
720575940611646962 63
720575940611698674 64
720575940611720165 65
720575940611811794 66
720575940611813330 67
720575940611872149 68
720575940611967658 69
720575940612030899 70
720575940612044750 71
720575940612065394 72
720575940612113635 73
720575940612170981 74
720575940612279538 75
720575940612281586 76
720575940612291682 77
720575940612302042 78
720575940612303102 67
720575940612321122 79
720575940612424362 80
720575940612456359 36
720575940612488142 81
720575940612488341 82
720575940612490958 83
720575940612572131 84
720575940612624753 85
720575940612630434 86
720575940612710371 36
720575940612712354 36
720575940612763250 87
720575940612854634 25
720575940612920214 88
720575940613038819 41
720575940613071313 89
720575940613126618 36
720575940613202322 90
720575940613458403 91
720575940613463471 92
720575940613481282 36
720575940613518092 93
720575940613524647 94
720575940613542055 95
720575940613635737 60
720575940613685162 96
720575940613749702 97
720575940613863731 60
720575940613944994 98
720575940613992657 98
720575940614009553 37
720575940614109586 99
720575940614137907 100
720575940614153937 101
720575940614305386 102
720575940614310050 93
720575940614365346 41
720575940614546942 103
720575940614684822 104
720575940614738956 105
720575940614742028 30
720575940614968287 14
720575940615054888 106
720575940615086698 107
720575940615109563 108
720575940615126578 50
720575940615160239 109
720575940615171003 110
720575940615305414 111
720575940615389087 112
720575940615480610 113
720575940615631266 114
720575940615647500 115
720575940615689634 116
720575940615775574 29
720575940615879325 33
720575940615918593 29
720575940615953202 117
720575940616071563 118
720575940616131414 119
720575940616133789 120
720575940616195412 8
720575940616200790 121
720575940616265077 36
720575940616271700 87
720575940616293889 8
720575940616342582 122
720575940616370065 123
720575940616411805 124
720575940616423647 125
720575940616429825 126
720575940616483284 98
720575940616483414 8
720575940616563668 127
720575940616621497 128
720575940616776633 20
720575940616885597 128
720575940616977822 129
720575940617024562 1
720575940617130068 130
720575940617272098 131
720575940617280657 42
720575940617281025 101
720575940617296029 132
720575940617338196 133
720575940617425593 134
720575940617496861 36
720575940617551409 46
720575940617559041 135
720575940617562072 136
720575940617616155 137
720575940617628789 138
720575940617630182 139
720575940617648453 102
720575940617677381 77
720575940617716893 140
720575940617720577 141
720575940617792985 142
720575940617839440 143
720575940617844509 37
720575940617853986 7
720575940617868249 126
720575940617871131 62
720575940617924181 144
720575940617955099 13
720575940617974941 145
720575940618029396 36
720575940618056350 146
720575940618132017 147
720575940618170526 104
720575940618176769 95
720575940618216862 148
720575940618263365 149
720575940618364480 150
720575940618395205 151
720575940618439569 49
720575940618463960 17
720575940618489108 5
720575940618563664 26
720575940618571200 36
720575940618589158 113
720575940618642054 152
720575940618670296 3
720575940618694480 53
720575940618718235 145
720575940618857083 30
720575940618907376 12
720575940618957825 152
720575940618975214 49
720575940618978645 124
720575940618995510 153
720575940619029680 154
720575940619038493 42
720575940619146053 155
720575940619169414 36
720575940619176094 151
720575940619230288 156
720575940619245016 157
720575940619321157 137
720575940619369688 82
720575940619382577 158
720575940619419457 159
720575940619471525 65
720575940619485424 152
720575940619564854 149
720575940619575979 3
720575940619595391 102
720575940619637056 160
720575940619689920 161
720575940619773008 98
720575940619775860 162
720575940619791469 163
720575940619828091 120
720575940619896711 76
720575940619899668 30
720575940619940693 86
720575940619969462 14
720575940620041837 105
720575940620096065 164
720575940620103595 165
720575940620158843 41
720575940620205225 62
720575940620212206 145
720575940620243476 166
720575940620245696 111
720575940620290992 167
720575940620321728 110
720575940620324613 168
720575940620356545 93
720575940620373469 18
720575940620464321 117
720575940620534744 58
720575940620561840 169
720575940620572592 170
720575940620597232 96
720575940620640124 146
720575940620658267 107
720575940620695423 146
720575940620716897 8
720575940620736422 171
720575940620802836 159
720575940620812353 172
720575940620868432 173
720575940620904614 174
720575940620933835 175
720575940621007952 176
720575940621025037 177
720575940621112199 178
720575940621123617 90
720575940621164148 179
720575940621201833 174
720575940621213556 76
720575940621260201 180
720575940621432926 181
720575940621435045 16
720575940621457690 84
720575940621510825 41
720575940621588139 182
720575940621613082 183
720575940621651327 184
720575940621656816 95
720575940621662332 185
720575940621664495 186
720575940621665263 187
720575940621667711 188
720575940621680774 189
720575940621720837 145
720575940621829302 190
720575940621895382 69
720575940621903896 191
720575940621904823 192
720575940622000422 193
720575940622022071 194
720575940622044394 147
720575940622094728 62
720575940622095228 182
720575940622151704 187
720575940622219190 195
720575940622263873 196
720575940622329357 143
720575940622366221 197
720575940622400648 198
720575940622424649 48
720575940622446341 199
720575940622497032 177
720575940622499879 200
720575940622535465 20
720575940622539411 167
720575940622629011 201
720575940622674835 127
720575940622679590 99
720575940622771811 41
720575940622775443 202
720575940622783752 127
720575940622790661 36
720575940622791429 203
720575940622869799 106
720575940622892045 86
720575940622943731 204
720575940622962440 16
720575940623001480 205
720575940623002805 14
720575940623069001 206
720575940623120222 149
720575940623139341 98
720575940623160583 207
720575940623191073 208
720575940623191625 209
720575940623213799 210
720575940623217577 157
720575940623231527 211
720575940623305963 36
720575940623333964 212
720575940623336316 213
720575940623370421 75
720575940623396548 62
720575940623426013 214
720575940623497340 215
720575940623503318 216
720575940623562172 217
720575940623579371 218
720575940623613149 159
720575940623687757 26
720575940623696136 219
720575940623697671 220
720575940623817223 121
720575940623862015 174
720575940623905719 205
720575940623943677 221
720575940623953845 71
720575940624049214 29
720575940624075507 127
720575940624106776 36
720575940624112152 172
720575940624199721 41
720575940624200679 179
720575940624206728 172
720575940624273957 92
720575940624280328 109
720575940624283882 222
720575940624295096 55
720575940624331016 83
720575940624344072 63
720575940624377018 23
720575940624383892 223
720575940624394790 224
720575940624426680 225
720575940624434360 151
720575940624534972 56
720575940624544748 71
720575940624585459 111
720575940624678733 130
720575940624743096 187
720575940624745203 226
720575940624799490 85
720575940624824248 118
720575940624882190 220
720575940624890296 206
720575940624920604 35
720575940624983054 227
720575940625003045 228
720575940625019454 36
720575940625021733 229
720575940625032171 104
720575940625034170 163
720575940625044784 230
720575940625067294 129
720575940625067593 221
720575940625069701 231
720575940625083061 232
720575940625084474 211
720575940625099278 132
720575940625106224 10
720575940625118096 174
720575940625137456 233
720575940625216954 47
720575940625240653 27
720575940625327034 234
720575940625408133 235
720575940625470526 236
720575940625510402 237
720575940625559908 71
720575940625613555 238
720575940625643909 111
720575940625690768 239
720575940625713033 237
720575940625726089 240
720575940625730562 127
720575940625736281 79
720575940625741287 81
720575940625764154 181
720575940625810324 198
720575940625813447 36
720575940625897572 241
720575940625907077 170
720575940625909991 242
720575940625922855 243
720575940625954291 201
720575940625976409 244
720575940626050599 179
720575940626051514 160
720575940626088281 10
720575940626089368 127
720575940626112062 214
720575940626117662 119
720575940626145636 155
720575940626146052 65
720575940626203394 245
720575940626232153 246
720575940626363529 247
720575940626500745 81
720575940626507027 248
720575940626524056 40
720575940626530953 2
720575940626544003 198
720575940626599420 72
720575940626650890 49
720575940626732560 148
720575940626741379 249
720575940626768442 60
720575940626806046 12
720575940626887198 110
720575940626902602 5
720575940626953063 93
720575940627047185 211
720575940627081534 70
720575940627168784 250
720575940627281594 251
720575940627309322 167
720575940627367708 70
720575940627388401 236
720575940627389639 252
720575940627417064 253
720575940627426835 148
720575940627447068 31
720575940627447427 246
720575940627463043 114
720575940627484181 110
720575940627490065 150
720575940627525378 254
720575940627572349 36
720575940627599815 75
720575940627617866 55
720575940627680911 111
720575940627683588 224
720575940627790991 189
720575940627866628 255
720575940627892935 79
720575940628001512 8
720575940628017563 211
720575940628074365 191
720575940628093309 169
720575940628208940 32
720575940628210887 256
720575940628238023 111
720575940628239183 222
720575940628245291 86
720575940628247084 257
720575940628249938 212
720575940628327228 24
720575940628342171 205
720575940628347654 258
720575940628360506 125
720575940628374377 125
720575940628445242 259
720575940628449639 260
720575940628510480 71
720575940628577383 261
720575940628695056 262
720575940628706325 196
720575940628716926 173
720575940628717585 8
720575940628725071 263
720575940628757110 36
720575940628805448 100
720575940628883535 140
720575940628901750 204
720575940628928772 55
720575940628931292 65
720575940628949886 8
720575940628953083 264
720575940629032791 265
720575940629043070 266
720575940629047162 125
720575940629067163 188
720575940629139834 123
720575940629229506 263
720575940629242428 176
720575940629259095 67
720575940629330426 267
720575940629342720 36
720575940629378903 8
720575940629413962 268
720575940629428695 236
720575940629430546 238
720575940629430978 150
720575940629432394 243
720575940629439994 269
720575940629446138 125
720575940629510518 129
720575940629547836 164
720575940629698012 218
720575940629701881 247
720575940629730934 185
720575940629789310 36
720575940629791288 77
720575940629822842 184
720575940629835727 270
720575940629846265 258
720575940629852163 229
720575940629860395 271
720575940629896764 41
720575940629897260 85
720575940629951481 44
720575940629964856 257
720575940630003195 158
720575940630034944 128
720575940630052546 64
720575940630075703 262
720575940630106309 136
720575940630165007 27
720575940630244763 111
720575940630269689 272
720575940630311383 273
720575940630321605 274
720575940630324620 260
720575940630347628 242
720575940630357110 243
720575940630362179 36
720575940630374219 14
720575940630387730 249
720575940630403031 165
720575940630470518 256
720575940630506358 142
720575940630539535 111
720575940630571148 14
720575940630629540 275
720575940630644727 114
720575940630655786 229
720575940630658627 276
720575940630669562 227
720575940630692986 270
720575940630703691 111
720575940630761854 220
720575940630799059 185
720575940630812663 277
720575940630831524 278
720575940630882263 120
720575940630901719 98
720575940630910199 241
720575940630930373 194
720575940630969939 279
720575940630981906 185
720575940631051851 270
720575940631069184 135
720575940631071559 223
720575940631082819 211
720575940631091407 245
720575940631122191 280
720575940631126189 281
720575940631188039 137
720575940631235665 36
720575940631275050 44
720575940631311443 5
720575940631320168 75
720575940631347242 185
720575940631428781 30
720575940631457388 250
720575940631458733 65
720575940631511436 61
720575940631527016 154
720575940631595603 276
720575940631608623 199
720575940631623417 49
720575940631625979 141
720575940631631929 282
720575940631639778 32
720575940631667281 235
720575940631673484 78
720575940631708973 283
720575940631711993 52
720575940631847763 74
720575940631851404 62
720575940631940377 73
720575940631989473 36
720575940631993159 284
720575940632042148 91
720575940632059309 267
720575940632171857 197
720575940632192676 150
720575940632373023 285
720575940632397891 231
720575940632407567 38
720575940632547423 136
720575940632589664 47
720575940632615507 134
720575940632672156 69
720575940632674912 286
720575940632731705 259
720575940632735545 263
720575940632749212 96
720575940632894946 22
720575940632943277 114
720575940632993336 10
720575940632998114 272
720575940633021338 24
720575940633094495 29
720575940633150767 287
720575940633292057 94
720575940633367889 2
720575940633401336 49
720575940633615820 288
720575940633616588 203
720575940633660386 71
720575940633705636 195
720575940633744632 284
720575940633744791 225
720575940633786007 289
720575940633803711 272
720575940633813856 254
720575940633893401 6
720575940633900896 270
720575940633903897 156
720575940634017619 36
720575940634103671 269
720575940634113687 104
720575940634139799 290
720575940634316139 69
720575940634356831 159
720575940634400631 291
720575940634412407 234
720575940634464352 126
720575940634498167 220
720575940634525792 290
720575940634666977 270
720575940634736538 108
720575940634776511 181
720575940634796951 292
720575940634866586 11
720575940635033023 293
720575940635102832 170
720575940635202204 195
720575940635508984 294
720575940635515744 8
720575940635539607 242
720575940635565175 84
720575940635583607 295
720575940635606167 171
720575940635703191 261
720575940635727735 131
720575940635802991 296
720575940635838655 182
720575940635887984 297
720575940635984239 298
720575940636111735 21
720575940636119988 194
720575940636124011 210
720575940636311130 299
720575940636351845 65
720575940636390542 300
720575940636491631 293
720575940636574388 109
720575940636609370 282
720575940636861406 301
720575940636938980 220
720575940636985822 302
720575940636992368 285
720575940636999280 230
720575940637002462 201
720575940637002724 303
720575940637079407 115
720575940637091674 180
720575940637120346 102
720575940637200503 211
720575940637317053 111
720575940637354815 304
720575940637435113 305
720575940637478077 306
720575940637658981 72
720575940637688030 18
720575940637711686 56
720575940637961449 11
720575940638136117 307
720575940638168639 227
720575940638201919 56
720575940638204132 110
720575940638285696 304
720575940638319686 264
720575940638336419 186
720575940638505798 74
720575940638616030 288
720575940638638670 308
720575940638660597 36
720575940638699069 143
720575940638734158 297
720575940638964824 266
720575940639007395 309
720575940639171044 166
720575940639293312 220
720575940639428515 310
720575940639751376 62
720575940640150235 144
720575940640460496 30
720575940640645949 65
720575940640757107 24
720575940640757467 164
720575940640791504 136
720575940640819544 311
720575940640869795 312
720575940641148405 49
720575940641386203 7
720575940641447387 247
720575940641450656 273
720575940641557133 5
720575940641560205 251
720575940641592461 65
720575940641681104 181
720575940641780187 187
720575940641953933 179
720575940642049736 284
720575940642489288 105
720575940642615515 158
720575940642617544 203
720575940642926372 313
720575940643103511 295
720575940643996196 218
720575940644327022 191
720575940644541600 188
720575940644570932 314
720575940644620579 88
720575940644639342 280
720575940644651556 315
720575940645771811 69
720575940645869188 88
720575940645972276 214
720575940646068020 245
720575940646407476 92
720575940646518382 277
720575940646609716 37
720575940646735156 308
720575940647079715 272
720575940647272836 111
720575940647836793 259
720575940648397177 158
720575940650929273 197
720575940651928566 73
720575940652202486 316
720575940653093025 317
720575940655011489 178
720575940659170433 221
