720575940602703072 1
720575940603201452 1
720575940603980256 1
720575940604033708 2
720575940604064958 2
720575940604088288 1
720575940604821950 3
720575940605158065 3
720575940605226673 3
720575940605307936 2
720575940605420902 2
720575940606264422 1
720575940606573490 4
720575940606628274 2
720575940606694758 4
720575940606764041 3
720575940606776585 2
720575940606913202 1
720575940607249365 3
720575940607557315 2
720575940607567881 5
720575940607575051 2
720575940607988745 5
720575940608216132 2
720575940608462684 3
720575940608529710 3
720575940608836291 3
720575940608886741 3
720575940608908100 4
720575940609088978 5
720575940609462626 1
720575940609718990 2
720575940609768345 4
720575940610008132 3
720575940610237134 4
720575940610318450 5
720575940610354274 4
720575940610355042 4
720575940610435441 2
720575940610469986 4
720575940610491694 2
720575940610505006 1
720575940610517443 2
720575940610537170 5
720575940610567577 2
720575940610585753 1
720575940610696654 4
720575940610704078 4
720575940610831058 2
720575940610864338 5
720575940610868578 4
720575940611048154 5
720575940611108676 1
720575940611160755 2
720575940611176362 2
720575940611197658 1
720575940611229298 2
720575940611376346 2
720575940611400434 2
720575940611418574 3
720575940611428977 4
720575940611443941 2
720575940611477683 4
720575940611549363 2
720575940611567918 1
720575940611617838 5
720575940611646962 5
720575940611698674 5
720575940611720165 3
720575940611811794 2
720575940611813330 3
720575940611872149 1
720575940611967658 3
720575940612030899 2
720575940612044750 2
720575940612065394 3
720575940612113635 4
720575940612170981 3
720575940612279538 2
720575940612281586 4
720575940612291682 3
720575940612302042 4
720575940612303102 3
720575940612321122 5
720575940612424362 4
720575940612456359 5
720575940612488142 3
720575940612488341 1
720575940612490958 2
720575940612572131 3
720575940612624753 1
720575940612630434 5
720575940612710371 5
720575940612712354 5
720575940612763250 5
720575940612854634 5
720575940612920214 4
720575940613038819 2
720575940613071313 3
720575940613126618 5
720575940613202322 2
720575940613458403 1
720575940613463471 4
720575940613481282 5
720575940613518092 6
720575940613524647 3
720575940613542055 5
720575940613635737 4
720575940613685162 5
720575940613749702 1
720575940613863731 4
720575940613944994 5
720575940613992657 5
720575940614009553 4
720575940614109586 5
720575940614137907 1
720575940614153937 1
720575940614305386 3
720575940614310050 6
720575940614365346 2
720575940614546942 1
720575940614684822 2
720575940614738956 2
720575940614742028 5
720575940614968287 2
720575940615054888 5
720575940615086698 2
720575940615109563 6
720575940615126578 5
720575940615160239 4
720575940615171003 1
720575940615305414 4
720575940615389087 3
720575940615480610 5
720575940615631266 3
720575940615647500 4
720575940615689634 5
720575940615775574 4
720575940615879325 4
720575940615918593 4
720575940615953202 2
720575940616071563 5
720575940616131414 3
720575940616133789 3
720575940616195412 3
720575940616200790 3
720575940616265077 5
720575940616271700 5
720575940616293889 3
720575940616342582 3
720575940616370065 3
720575940616411805 3
720575940616423647 3
720575940616429825 2
720575940616483284 5
720575940616483414 3
720575940616563668 5
720575940616621497 4
720575940616776633 2
720575940616885597 4
720575940616977822 2
720575940617024562 1
720575940617130068 2
720575940617272098 1
720575940617280657 1
720575940617281025 1
720575940617296029 1
720575940617338196 4
720575940617425593 3
720575940617496861 5
720575940617551409 1
720575940617559041 6
720575940617562072 5
720575940617616155 4
720575940617628789 2
720575940617630182 4
720575940617648453 3
720575940617677381 2
720575940617716893 1
720575940617720577 1
720575940617792985 4
720575940617839440 5
720575940617844509 4
720575940617853986 3
720575940617868249 2
720575940617871131 2
720575940617924181 2
720575940617955099 4
720575940617974941 5
720575940618029396 5
720575940618056350 2
720575940618132017 2
720575940618170526 2
720575940618176769 5
720575940618216862 5
720575940618263365 2
720575940618364480 6
720575940618395205 1
720575940618439569 2
720575940618463960 2
720575940618489108 2
720575940618563664 3
720575940618571200 5
720575940618589158 5
720575940618642054 1
720575940618670296 5
720575940618694480 1
720575940618718235 5
720575940618857083 5
720575940618907376 1
720575940618957825 1
720575940618975214 2
720575940618978645 3
720575940618995510 3
720575940619029680 1
720575940619038493 1
720575940619146053 4
720575940619169414 5
720575940619176094 1
720575940619230288 1
720575940619245016 4
720575940619321157 4
720575940619369688 5
720575940619382577 2
720575940619419457 3
720575940619471525 3
720575940619485424 2
720575940619564854 4
720575940619575979 1
720575940619595391 3
720575940619637056 2
720575940619689920 1
720575940619773008 5
720575940619775860 3
720575940619791469 2
720575940619828091 3
720575940619896711 4
720575940619899668 5
720575940619940693 3
720575940619969462 2
720575940620041837 4
720575940620096065 3
720575940620103595 1
720575940620158843 2
720575940620205225 2
720575940620212206 5
720575940620243476 2
720575940620245696 4
720575940620290992 4
720575940620321728 1
720575940620324613 2
720575940620356545 6
720575940620373469 1
720575940620464321 2
720575940620534744 2
720575940620561840 1
720575940620572592 3
720575940620597232 5
720575940620640124 2
720575940620658267 5
720575940620695423 4
720575940620716897 3
720575940620736422 3
720575940620802836 3
720575940620812353 4
720575940620868432 4
720575940620904614 4
720575940620933835 2
720575940621007952 3
720575940621025037 2
720575940621112199 2
720575940621123617 4
720575940621164148 3
720575940621201833 4
720575940621213556 4
720575940621260201 4
720575940621432926 4
720575940621435045 2
720575940621457690 3
720575940621510825 2
720575940621588139 4
720575940621613082 1
720575940621651327 1
720575940621656816 2
720575940621662332 5
720575940621664495 4
720575940621665263 1
720575940621667711 4
720575940621680774 1
720575940621720837 5
720575940621829302 5
720575940621895382 3
720575940621903896 3
720575940621904823 5
720575940622000422 5
720575940622022071 2
720575940622044394 2
720575940622094728 2
720575940622095228 4
720575940622151704 3
720575940622219190 1
720575940622263873 1
720575940622329357 5
720575940622366221 2
720575940622400648 2
720575940622424649 2
720575940622446341 4
720575940622497032 2
720575940622499879 1
720575940622535465 2
720575940622539411 4
720575940622629011 4
720575940622674835 5
720575940622679590 5
720575940622771811 2
720575940622775443 2
720575940622783752 5
720575940622790661 5
720575940622791429 4
720575940622869799 5
720575940622892045 5
720575940622943731 2
720575940622962440 3
720575940623001480 3
720575940623002805 2
720575940623069001 1
720575940623120222 4
720575940623139341 5
720575940623160583 1
720575940623191073 4
720575940623191625 5
720575940623213799 5
720575940623217577 4
720575940623231527 3
720575940623305963 5
720575940623333964 1
720575940623336316 2
720575940623370421 2
720575940623396548 2
720575940623426013 1
720575940623497340 1
720575940623503318 1
720575940623562172 2
720575940623579371 3
720575940623613149 3
720575940623687757 3
720575940623696136 2
720575940623697671 3
720575940623817223 1
720575940623862015 1
720575940623905719 3
720575940623943677 3
720575940623953845 2
720575940624049214 4
720575940624075507 5
720575940624106776 5
720575940624112152 4
720575940624199721 2
720575940624200679 3
720575940624206728 4
720575940624273957 4
720575940624280328 4
720575940624283882 4
720575940624295096 2
720575940624331016 2
720575940624344072 3
720575940624377018 5
720575940624383892 4
720575940624394790 1
720575940624426680 1
720575940624434360 1
720575940624534972 1
720575940624544748 3
720575940624585459 2
720575940624678733 2
720575940624743096 3
720575940624745203 3
720575940624799490 4
720575940624824248 3
720575940624882190 3
720575940624890296 1
720575940624920604 3
720575940624983054 5
720575940625003045 3
720575940625019454 5
720575940625021733 6
720575940625032171 2
720575940625034170 2
720575940625044784 1
720575940625067294 2
720575940625067593 3
720575940625069701 3
720575940625083061 5
720575940625084474 3
720575940625099278 1
720575940625106224 2
720575940625118096 4
720575940625137456 5
720575940625216954 4
720575940625240653 3
720575940625327034 3
720575940625408133 5
720575940625470526 3
720575940625510402 4
720575940625559908 4
720575940625613555 5
720575940625643909 2
720575940625690768 2
720575940625713033 4
720575940625726089 3
720575940625730562 5
720575940625736281 2
720575940625741287 3
720575940625764154 4
720575940625810324 2
720575940625813447 5
720575940625897572 5
720575940625907077 3
720575940625909991 2
720575940625922855 3
720575940625954291 4
720575940625976409 5
720575940626050599 3
720575940626051514 2
720575940626088281 2
720575940626089368 5
720575940626112062 1
720575940626117662 3
720575940626145636 5
720575940626146052 3
720575940626203394 1
720575940626232153 1
720575940626363529 4
720575940626500745 3
720575940626507027 3
720575940626524056 4
720575940626530953 1
720575940626544003 2
720575940626599420 3
720575940626650890 2
720575940626732560 5
720575940626741379 1
720575940626768442 4
720575940626806046 1
720575940626887198 1
720575940626902602 2
720575940626953063 6
720575940627047185 3
720575940627081534 2
720575940627168784 3
720575940627281594 1
720575940627309322 3
720575940627367708 2
720575940627388401 3
720575940627389639 4
720575940627417064 1
720575940627426835 5
720575940627447068 1
720575940627447427 4
720575940627463043 5
720575940627484181 1
720575940627490065 3
720575940627525378 2
720575940627572349 5
720575940627599815 2
720575940627617866 2
720575940627680911 2
720575940627683588 1
720575940627790991 1
720575940627866628 2
720575940627892935 2
720575940628001512 3
720575940628017563 3
720575940628074365 3
720575940628093309 4
720575940628208940 2
720575940628210887 2
720575940628238023 2
720575940628239183 4
720575940628245291 5
720575940628247084 2
720575940628249938 1
720575940628327228 3
720575940628342171 3
720575940628347654 3
720575940628360506 2
720575940628374377 2
720575940628445242 2
720575940628449639 4
720575940628510480 3
720575940628577383 3
720575940628695056 2
720575940628706325 1
720575940628716926 2
720575940628717585 3
720575940628725071 2
720575940628757110 5
720575940628805448 1
720575940628883535 1
720575940628901750 2
720575940628928772 2
720575940628931292 3
720575940628949886 3
720575940628953083 5
720575940629032791 1
720575940629043070 2
720575940629047162 2
720575940629067163 2
720575940629139834 4
720575940629229506 2
720575940629242428 3
720575940629259095 3
720575940629330426 1
720575940629342720 5
720575940629378903 3
720575940629413962 1
720575940629428695 1
720575940629430546 1
720575940629430978 5
720575940629432394 3
720575940629439994 2
720575940629446138 2
720575940629510518 2
720575940629547836 3
720575940629698012 3
720575940629701881 1
720575940629730934 5
720575940629789310 5
720575940629791288 3
720575940629822842 1
720575940629835727 5
720575940629846265 4
720575940629852163 6
720575940629860395 2
720575940629896764 2
720575940629897260 4
720575940629951481 5
720575940629964856 2
720575940630003195 2
720575940630034944 4
720575940630052546 4
720575940630075703 2
720575940630106309 1
720575940630165007 3
720575940630244763 2
720575940630269689 5
720575940630311383 1
720575940630321605 4
720575940630324620 4
720575940630347628 5
720575940630357110 3
720575940630362179 5
720575940630374219 2
720575940630387730 1
720575940630403031 1
720575940630470518 2
720575940630506358 4
720575940630539535 2
720575940630571148 2
720575940630629540 1
720575940630644727 3
720575940630655786 6
720575940630658627 5
720575940630669562 4
720575940630692986 5
720575940630703691 2
720575940630761854 3
720575940630799059 5
720575940630812663 6
720575940630831524 3
720575940630882263 5
720575940630901719 5
720575940630910199 4
720575940630930373 2
720575940630969939 2
720575940630981906 5
720575940631051851 5
720575940631069184 6
720575940631071559 4
720575940631082819 2
720575940631091407 1
720575940631122191 1
720575940631126189 1
720575940631188039 4
720575940631235665 5
720575940631275050 5
720575940631311443 2
720575940631320168 2
720575940631347242 2
720575940631428781 5
720575940631457388 6
720575940631458733 3
720575940631511436 4
720575940631527016 1
720575940631595603 5
720575940631608623 1
720575940631623417 2
720575940631625979 1
720575940631631929 3
720575940631639778 2
720575940631667281 5
720575940631673484 4
720575940631708973 1
720575940631711993 5
720575940631847763 3
720575940631851404 2
720575940631940377 1
720575940631989473 5
720575940631993159 5
720575940632042148 1
720575940632059309 1
720575940632171857 2
720575940632192676 3
720575940632373023 4
720575940632397891 3
720575940632407567 4
720575940632547423 5
720575940632589664 4
720575940632615507 5
720575940632672156 3
720575940632674912 1
720575940632731705 2
720575940632735545 2
720575940632749212 5
720575940632894946 2
720575940632943277 3
720575940632993336 2
720575940632998114 5
720575940633021338 4
720575940633094495 4
720575940633150767 1
720575940633292057 3
720575940633367889 1
720575940633401336 2
720575940633615820 5
720575940633616588 4
720575940633660386 2
720575940633705636 1
720575940633744632 5
720575940633744791 1
720575940633786007 2
720575940633803711 5
720575940633813856 5
720575940633893401 1
720575940633900896 4
720575940633903897 1
720575940634017619 5
720575940634103671 4
720575940634113687 2
720575940634139799 1
720575940634316139 4
720575940634356831 4
720575940634400631 3
720575940634412407 5
720575940634464352 2
720575940634498167 3
720575940634525792 1
720575940634666977 5
720575940634736538 6
720575940634776511 3
720575940634796951 4
720575940634866586 6
720575940635033023 4
720575940635102832 3
720575940635202204 1
720575940635508984 1
720575940635515744 3
720575940635539607 5
720575940635565175 3
720575940635583607 2
720575940635606167 3
720575940635703191 3
720575940635727735 1
720575940635802991 2
720575940635838655 4
720575940635887984 2
720575940635984239 2
720575940636111735 5
720575940636119988 1
720575940636124011 2
720575940636311130 2
720575940636351845 3
720575940636390542 3
720575940636491631 4
720575940636574388 4
720575940636609370 3
720575940636861406 1
720575940636938980 3
720575940636985822 3
720575940636992368 4
720575940636999280 4
720575940637002462 4
720575940637002724 3
720575940637079407 4
720575940637091674 4
720575940637120346 3
720575940637200503 3
720575940637317053 2
720575940637354815 2
720575940637435113 5
720575940637478077 2
720575940637658981 3
720575940637688030 1
720575940637711686 1
720575940637961449 5
720575940638136117 5
720575940638168639 5
720575940638201919 1
720575940638204132 1
720575940638285696 2
720575940638319686 5
720575940638336419 1
720575940638505798 3
720575940638616030 2
720575940638638670 3
720575940638660597 5
720575940638699069 3
720575940638734158 5
720575940638964824 2
720575940639007395 6
720575940639171044 2
720575940639293312 3
720575940639428515 2
720575940639751376 2
720575940640150235 2
720575940640460496 5
720575940640645949 3
720575940640757107 2
720575940640757467 3
720575940640791504 5
720575940640819544 3
720575940640869795 4
720575940641148405 2
720575940641386203 2
720575940641447387 2
720575940641450656 4
720575940641557133 2
720575940641560205 2
720575940641592461 3
720575940641681104 4
720575940641780187 3
720575940641953933 3
720575940642049736 5
720575940642489288 2
720575940642615515 2
720575940642617544 4
720575940642926372 1
720575940643103511 2
720575940643996196 3
720575940644327022 3
720575940644541600 2
720575940644570932 1
720575940644620579 2
720575940644639342 1
720575940644651556 3
720575940645771811 3
720575940645869188 2
720575940645972276 1
720575940646068020 1
720575940646407476 4
720575940646518382 6
720575940646609716 4
720575940646735156 3
720575940647079715 5
720575940647272836 2
720575940647836793 2
720575940648397177 2
720575940650929273 2
720575940651928566 1
720575940652202486 5
720575940653093025 5
720575940655011489 2
720575940659170433 3
