720575940602703072 1
720575940603201452 2
720575940603980256 3
720575940604033708 4
720575940604064958 5
720575940604088288 6
720575940604821950 7
720575940605158065 8
720575940605226673 9
720575940605307936 10
720575940605420902 11
720575940606264422 12
720575940606573490 13
720575940606628274 14
720575940606694758 15
720575940606764041 16
720575940606776585 17
720575940606913202 18
720575940607249365 19
720575940607557315 20
720575940607567881 21
720575940607575051 22
720575940607988745 23
720575940608216132 24
720575940608462684 16
720575940608529710 25
720575940608836291 26
720575940608886741 27
720575940608908100 28
720575940609088978 29
720575940609462626 30
720575940609718990 31
720575940609768345 32
720575940610008132 33
720575940610237134 34
720575940610318450 35
720575940610354274 36
720575940610355042 37
720575940610435441 38
720575940610469986 39
720575940610491694 40
720575940610505006 41
720575940610517443 42
720575940610537170 43
720575940610567577 44
720575940610585753 45
720575940610696654 46
720575940610704078 47
720575940610831058 48
720575940610864338 43
720575940610868578 49
720575940611048154 35
720575940611108676 50
720575940611160755 51
720575940611176362 52
720575940611197658 53
720575940611229298 54
720575940611376346 55
720575940611400434 56
720575940611418574 8
720575940611428977 57
720575940611443941 17
720575940611477683 58
720575940611549363 59
720575940611567918 53
720575940611617838 35
720575940611646962 60
720575940611698674 21
720575940611720165 16
720575940611811794 61
720575940611813330 16
720575940611872149 2
720575940611967658 7
720575940612030899 59
720575940612044750 62
720575940612065394 63
720575940612113635 64
720575940612170981 65
720575940612279538 66
720575940612281586 67
720575940612291682 68
720575940612302042 62
720575940612303102 16
720575940612321122 59
720575940612424362 69
720575940612456359 35
720575940612488142 70
720575940612488341 71
720575940612490958 40
720575940612572131 72
720575940612624753 73
720575940612630434 74
720575940612710371 35
720575940612712354 35
720575940612763250 75
720575940612854634 76
720575940612920214 77
720575940613038819 40
720575940613071313 78
720575940613126618 35
720575940613202322 79
720575940613458403 80
720575940613463471 79
720575940613481282 35
720575940613518092 81
720575940613524647 26
720575940613542055 43
720575940613635737 57
720575940613685162 82
720575940613749702 83
720575940613863731 84
720575940613944994 43
720575940613992657 43
720575940614009553 74
720575940614109586 85
720575940614137907 86
720575940614153937 87
720575940614305386 88
720575940614310050 81
720575940614365346 40
720575940614546942 89
720575940614684822 48
720575940614738956 90
720575940614742028 29
720575940614968287 14
720575940615054888 91
720575940615086698 92
720575940615109563 93
720575940615126578 43
720575940615160239 57
720575940615171003 94
720575940615305414 79
720575940615389087 27
720575940615480610 95
720575940615631266 25
720575940615647500 96
720575940615689634 97
720575940615775574 28
720575940615879325 32
720575940615918593 28
720575940615953202 98
720575940616071563 99
720575940616131414 16
720575940616133789 100
720575940616195412 8
720575940616200790 101
720575940616265077 35
720575940616271700 75
720575940616293889 8
720575940616342582 102
720575940616370065 8
720575940616411805 103
720575940616423647 104
720575940616429825 105
720575940616483284 43
720575940616483414 8
720575940616563668 35
720575940616621497 106
720575940616776633 20
720575940616885597 106
720575940616977822 4
720575940617024562 1
720575940617130068 107
720575940617272098 36
720575940617280657 41
720575940617281025 87
720575940617296029 108
720575940617338196 36
720575940617425593 109
720575940617496861 35
720575940617551409 45
720575940617559041 110
720575940617562072 35
720575940617616155 111
720575940617628789 112
720575940617630182 13
720575940617648453 88
720575940617677381 24
720575940617716893 113
720575940617720577 114
720575940617792985 74
720575940617839440 115
720575940617844509 116
720575940617853986 62
720575940617868249 105
720575940617871131 59
720575940617924181 117
720575940617955099 13
720575940617974941 118
720575940618029396 35
720575940618056350 119
720575940618132017 120
720575940618170526 48
720575940618176769 43
720575940618216862 121
720575940618263365 79
720575940618364480 81
720575940618395205 122
720575940618439569 48
720575940618463960 17
720575940618489108 5
720575940618563664 25
720575940618571200 35
720575940618589158 95
720575940618642054 123
720575940618670296 124
720575940618694480 50
720575940618718235 118
720575940618857083 29
720575940618907376 125
720575940618957825 123
720575940618975214 48
720575940618978645 103
720575940618995510 126
720575940619029680 127
720575940619038493 41
720575940619146053 128
720575940619169414 35
720575940619176094 122
720575940619230288 125
720575940619245016 129
720575940619321157 111
720575940619369688 71
720575940619382577 59
720575940619419457 130
720575940619471525 16
720575940619485424 123
720575940619564854 130
720575940619575979 3
720575940619595391 88
720575940619637056 131
720575940619689920 127
720575940619773008 43
720575940619775860 16
720575940619791469 48
720575940619828091 100
720575940619896711 67
720575940619899668 29
720575940619940693 70
720575940619969462 14
720575940620041837 90
720575940620096065 130
720575940620103595 132
720575940620158843 40
720575940620205225 59
720575940620212206 118
720575940620243476 133
720575940620245696 79
720575940620290992 7
720575940620321728 94
720575940620324613 134
720575940620356545 81
720575940620373469 18
720575940620464321 98
720575940620534744 55
720575940620561840 53
720575940620572592 68
720575940620597232 82
720575940620640124 47
720575940620658267 36
720575940620695423 47
720575940620716897 8
720575940620736422 135
720575940620802836 130
720575940620812353 136
720575940620868432 62
720575940620904614 62
720575940620933835 137
720575940621007952 16
720575940621025037 54
720575940621112199 59
720575940621123617 138
720575940621164148 16
720575940621201833 62
720575940621213556 67
720575940621260201 139
720575940621432926 82
720575940621435045 59
720575940621457690 72
720575940621510825 40
720575940621588139 140
720575940621613082 141
720575940621651327 142
720575940621656816 43
720575940621662332 74
720575940621664495 143
720575940621665263 8
720575940621667711 144
720575940621680774 145
720575940621720837 118
720575940621829302 11
720575940621895382 19
720575940621903896 16
720575940621904823 146
720575940622000422 147
720575940622022071 148
720575940622044394 120
720575940622094728 59
720575940622095228 104
720575940622151704 8
720575940622219190 2
720575940622263873 53
720575940622329357 25
720575940622366221 59
720575940622400648 59
720575940622424649 47
720575940622446341 62
720575940622497032 54
720575940622499879 149
720575940622535465 20
720575940622539411 7
720575940622629011 150
720575940622674835 35
720575940622679590 85
720575940622771811 40
720575940622775443 151
720575940622783752 35
720575940622790661 35
720575940622791429 152
720575940622869799 91
720575940622892045 29
720575940622943731 31
720575940622962440 27
720575940623001480 19
720575940623002805 144
720575940623069001 105
720575940623120222 79
720575940623139341 43
720575940623160583 153
720575940623191073 106
720575940623191625 36
720575940623213799 154
720575940623217577 129
720575940623231527 16
720575940623305963 35
720575940623333964 124
720575940623336316 155
720575940623370421 66
720575940623396548 59
720575940623426013 156
720575940623497340 157
720575940623503318 158
720575940623562172 159
720575940623579371 160
720575940623613149 130
720575940623687757 25
720575940623696136 36
720575940623697671 161
720575940623817223 101
720575940623862015 53
720575940623905719 19
720575940623943677 162
720575940623953845 163
720575940624049214 28
720575940624075507 35
720575940624106776 35
720575940624112152 136
720575940624199721 40
720575940624200679 16
720575940624206728 136
720575940624273957 79
720575940624280328 57
720575940624283882 28
720575940624295096 52
720575940624331016 40
720575940624344072 60
720575940624377018 23
720575940624383892 84
720575940624394790 57
720575940624426680 164
720575940624434360 122
720575940624534972 53
720575940624544748 62
720575940624585459 79
720575940624678733 59
720575940624743096 8
720575940624745203 73
720575940624799490 73
720575940624824248 25
720575940624882190 16
720575940624890296 53
720575940624920604 34
720575940624983054 74
720575940625003045 165
720575940625019454 35
720575940625021733 110
720575940625032171 48
720575940625034170 48
720575940625044784 87
720575940625067294 4
720575940625067593 162
720575940625069701 160
720575940625083061 82
720575940625084474 16
720575940625099278 108
720575940625106224 10
720575940625118096 62
720575940625137456 35
720575940625216954 46
720575940625240653 26
720575940625327034 76
720575940625408133 75
720575940625470526 16
720575940625510402 116
720575940625559908 62
720575940625613555 23
720575940625643909 79
720575940625690768 166
720575940625713033 116
720575940625726089 167
720575940625730562 35
720575940625736281 59
720575940625741287 70
720575940625764154 116
720575940625810324 168
720575940625813447 35
720575940625897572 7
720575940625907077 68
720575940625909991 169
720575940625922855 88
720575940625954291 150
720575940625976409 170
720575940626050599 16
720575940626051514 131
720575940626088281 10
720575940626089368 35
720575940626112062 156
720575940626117662 16
720575940626145636 128
720575940626146052 16
720575940626203394 87
720575940626232153 50
720575940626363529 92
720575940626500745 70
720575940626507027 116
720575940626524056 39
720575940626530953 171
720575940626544003 11
720575940626599420 63
720575940626650890 48
720575940626732560 121
720575940626741379 94
720575940626768442 57
720575940626806046 12
720575940626887198 6
720575940626902602 5
720575940626953063 81
720575940627047185 19
720575940627081534 59
720575940627168784 135
720575940627281594 53
720575940627309322 7
720575940627367708 59
720575940627388401 16
720575940627389639 106
720575940627417064 172
720575940627426835 121
720575940627447068 53
720575940627447427 50
720575940627463043 25
720575940627484181 94
720575940627490065 173
720575940627525378 118
720575940627572349 35
720575940627599815 66
720575940627617866 52
720575940627680911 79
720575940627683588 57
720575940627790991 145
720575940627866628 168
720575940627892935 59
720575940628001512 8
720575940628017563 16
720575940628074365 16
720575940628093309 39
720575940628208940 31
720575940628210887 62
720575940628238023 79
720575940628239183 28
720575940628245291 74
720575940628247084 174
720575940628249938 124
720575940628327228 103
720575940628342171 19
720575940628347654 175
720575940628360506 104
720575940628374377 104
720575940628445242 10
720575940628449639 79
720575940628510480 62
720575940628577383 162
720575940628695056 176
720575940628706325 53
720575940628716926 62
720575940628717585 8
720575940628725071 119
720575940628757110 35
720575940628805448 86
720575940628883535 113
720575940628901750 31
720575940628928772 52
720575940628931292 16
720575940628949886 8
720575940628953083 177
720575940629032791 178
720575940629043070 179
720575940629047162 104
720575940629067163 144
720575940629139834 79
720575940629229506 119
720575940629242428 16
720575940629259095 16
720575940629330426 50
720575940629342720 35
720575940629378903 8
720575940629413962 180
720575940629428695 101
720575940629430546 181
720575940629430978 74
720575940629432394 88
720575940629439994 66
720575940629446138 104
720575940629510518 4
720575940629547836 16
720575940629698012 72
720575940629701881 2
720575940629730934 74
720575940629789310 35
720575940629791288 173
720575940629822842 142
720575940629835727 99
720575940629846265 175
720575940629852163 93
720575940629860395 182
720575940629896764 40
720575940629897260 25
720575940629951481 43
720575940629964856 174
720575940630003195 183
720575940630034944 58
720575940630052546 140
720575940630075703 176
720575940630106309 53
720575940630165007 26
720575940630244763 79
720575940630269689 75
720575940630311383 184
720575940630321605 185
720575940630324620 79
720575940630347628 169
720575940630357110 69
720575940630362179 35
720575940630374219 14
720575940630387730 36
720575940630403031 132
720575940630470518 24
720575940630506358 84
720575940630539535 79
720575940630571148 144
720575940630629540 186
720575940630644727 25
720575940630655786 110
720575940630658627 21
720575940630669562 74
720575940630692986 99
720575940630703691 79
720575940630761854 161
720575940630799059 74
720575940630812663 93
720575940630831524 27
720575940630882263 92
720575940630901719 43
720575940630910199 187
720575940630930373 148
720575940630969939 188
720575940630981906 74
720575940631051851 99
720575940631069184 110
720575940631071559 84
720575940631082819 189
720575940631091407 113
720575940631122191 190
720575940631126189 191
720575940631188039 111
720575940631235665 35
720575940631275050 43
720575940631311443 5
720575940631320168 66
720575940631347242 24
720575940631428781 29
720575940631457388 110
720575940631458733 16
720575940631511436 58
720575940631527016 127
720575940631595603 74
720575940631608623 80
720575940631623417 48
720575940631625979 114
720575940631631929 130
720575940631639778 31
720575940631667281 75
720575940631673484 92
720575940631708973 192
720575940631711993 35
720575940631847763 65
720575940631851404 59
720575940631940377 127
720575940631989473 35
720575940631993159 59
720575940632042148 80
720575940632059309 181
720575940632171857 59
720575940632192676 193
720575940632373023 194
720575940632397891 160
720575940632407567 37
720575940632547423 195
720575940632589664 46
720575940632615507 109
720575940632672156 7
720575940632674912 196
720575940632731705 10
720575940632735545 119
720575940632749212 82
720575940632894946 22
720575940632943277 25
720575940632993336 10
720575940632998114 75
720575940633021338 116
720575940633094495 28
720575940633150767 197
720575940633292057 16
720575940633367889 171
720575940633401336 48
720575940633615820 119
720575940633616588 152
720575940633660386 62
720575940633705636 2
720575940633744632 198
720575940633744791 164
720575940633786007 24
720575940633803711 75
720575940633813856 118
720575940633893401 6
720575940633900896 99
720575940633903897 125
720575940634017619 35
720575940634103671 66
720575940634113687 48
720575940634139799 199
720575940634316139 152
720575940634356831 130
720575940634400631 200
720575940634412407 76
720575940634464352 84
720575940634498167 16
720575940634525792 199
720575940634666977 99
720575940634736538 152
720575940634776511 162
720575940634796951 201
720575940634866586 93
720575940635033023 69
720575940635102832 68
720575940635202204 2
720575940635508984 202
720575940635515744 8
720575940635539607 169
720575940635565175 72
720575940635583607 175
720575940635606167 135
720575940635703191 162
720575940635727735 36
720575940635802991 183
720575940635838655 140
720575940635887984 59
720575940635984239 40
720575940636111735 24
720575940636119988 148
720575940636124011 154
720575940636311130 17
720575940636351845 16
720575940636390542 203
720575940636491631 69
720575940636574388 57
720575940636609370 130
720575940636861406 204
720575940636938980 99
720575940636985822 205
720575940636992368 194
720575940636999280 144
720575940637002462 150
720575940637002724 206
720575940637079407 96
720575940637091674 139
720575940637120346 88
720575940637200503 8
720575940637317053 79
720575940637354815 207
720575940637435113 76
720575940637478077 208
720575940637658981 16
720575940637688030 18
720575940637711686 53
720575940637961449 35
720575940638136117 36
720575940638168639 74
720575940638201919 53
720575940638204132 53
720575940638285696 207
720575940638319686 177
720575940638336419 143
720575940638505798 65
720575940638616030 119
720575940638638670 16
720575940638660597 35
720575940638699069 25
720575940638734158 209
720575940638964824 179
720575940639007395 210
720575940639171044 133
720575940639293312 16
720575940639428515 24
720575940639751376 59
720575940640150235 117
720575940640460496 29
720575940640645949 16
720575940640757107 24
720575940640757467 16
720575940640791504 35
720575940640819544 211
720575940640869795 15
720575940641148405 48
720575940641386203 59
720575940641447387 24
720575940641450656 184
720575940641557133 5
720575940641560205 62
720575940641592461 16
720575940641681104 116
720575940641780187 8
720575940641953933 16
720575940642049736 198
720575940642489288 90
720575940642615515 183
720575940642617544 152
720575940642926372 212
720575940643103511 24
720575940643996196 210
720575940644327022 213
720575940644541600 144
720575940644570932 214
720575940644620579 77
720575940644639342 190
720575940644651556 100
720575940645771811 183
720575940645869188 77
720575940645972276 156
720575940646068020 80
720575940646407476 28
720575940646518382 93
720575940646609716 15
720575940646735156 193
720575940647079715 75
720575940647272836 79
720575940647836793 10
720575940648397177 183
720575940650929273 59
720575940651928566 2
720575940652202486 215
720575940653093025 216
720575940655011489 59
720575940659170433 162
