720575940602703072 1
720575940603201452 2
720575940603980256 3
720575940604033708 4
720575940604064958 5
720575940604088288 6
720575940604821950 7
720575940605158065 8
720575940605226673 9
720575940605307936 10
720575940605420902 11
720575940606264422 12
720575940606573490 13
720575940606628274 14
720575940606694758 15
720575940606764041 16
720575940606776585 17
720575940606913202 18
720575940607249365 19
720575940607557315 20
720575940607567881 21
720575940607575051 22
720575940607988745 23
720575940608216132 24
720575940608462684 25
720575940608529710 26
720575940608836291 27
720575940608886741 28
720575940608908100 29
720575940609088978 30
720575940609462626 31
720575940609718990 32
720575940609768345 33
720575940610008132 34
720575940610237134 35
720575940610318450 36
720575940610354274 37
720575940610355042 38
720575940610435441 39
720575940610469986 40
720575940610491694 41
720575940610505006 42
720575940610517443 43
720575940610537170 44
720575940610567577 45
720575940610585753 46
720575940610696654 47
720575940610704078 48
720575940610831058 49
720575940610864338 50
720575940610868578 51
720575940611048154 36
720575940611108676 52
720575940611160755 53
720575940611176362 54
720575940611197658 55
720575940611229298 56
720575940611376346 57
720575940611400434 58
720575940611418574 8
720575940611428977 59
720575940611443941 17
720575940611477683 60
720575940611549363 61
720575940611567918 55
720575940611617838 36
720575940611646962 62
720575940611698674 3
720575940611720165 16
720575940611811794 63
720575940611813330 16
720575940611872149 64
720575940611967658 65
720575940612030899 66
720575940612044750 67
720575940612065394 68
720575940612113635 69
720575940612170981 70
720575940612279538 71
720575940612281586 72
720575940612291682 73
720575940612302042 74
720575940612303102 16
720575940612321122 61
720575940612424362 75
720575940612456359 36
720575940612488142 76
720575940612488341 77
720575940612490958 41
720575940612572131 78
720575940612624753 79
720575940612630434 80
720575940612710371 36
720575940612712354 36
720575940612763250 81
720575940612854634 25
720575940612920214 82
720575940613038819 41
720575940613071313 83
720575940613126618 36
720575940613202322 84
720575940613458403 85
720575940613463471 86
720575940613481282 36
720575940613518092 87
720575940613524647 88
720575940613542055 89
720575940613635737 59
720575940613685162 90
720575940613749702 91
720575940613863731 59
720575940613944994 50
720575940613992657 50
720575940614009553 80
720575940614109586 92
720575940614137907 93
720575940614153937 94
720575940614305386 95
720575940614310050 87
720575940614365346 41
720575940614546942 96
720575940614684822 97
720575940614738956 98
720575940614742028 30
720575940614968287 14
720575940615054888 99
720575940615086698 100
720575940615109563 101
720575940615126578 50
720575940615160239 102
720575940615171003 103
720575940615305414 104
720575940615389087 105
720575940615480610 106
720575940615631266 107
720575940615647500 102
720575940615689634 108
720575940615775574 29
720575940615879325 33
720575940615918593 29
720575940615953202 109
720575940616071563 110
720575940616131414 16
720575940616133789 111
720575940616195412 8
720575940616200790 112
720575940616265077 36
720575940616271700 81
720575940616293889 8
720575940616342582 113
720575940616370065 104
720575940616411805 114
720575940616423647 115
720575940616429825 116
720575940616483284 50
720575940616483414 8
720575940616563668 106
720575940616621497 117
720575940616776633 20
720575940616885597 118
720575940616977822 4
720575940617024562 1
720575940617130068 119
720575940617272098 120
720575940617280657 42
720575940617281025 94
720575940617296029 121
720575940617338196 122
720575940617425593 123
720575940617496861 36
720575940617551409 46
720575940617559041 124
720575940617562072 125
720575940617616155 73
720575940617628789 126
720575940617630182 127
720575940617648453 95
720575940617677381 24
720575940617716893 128
720575940617720577 129
720575940617792985 80
720575940617839440 130
720575940617844509 131
720575940617853986 7
720575940617868249 116
720575940617871131 61
720575940617924181 132
720575940617955099 13
720575940617974941 133
720575940618029396 36
720575940618056350 134
720575940618132017 135
720575940618170526 97
720575940618176769 89
720575940618216862 136
720575940618263365 137
720575940618364480 87
720575940618395205 138
720575940618439569 49
720575940618463960 17
720575940618489108 5
720575940618563664 26
720575940618571200 36
720575940618589158 106
720575940618642054 139
720575940618670296 140
720575940618694480 52
720575940618718235 133
720575940618857083 30
720575940618907376 141
720575940618957825 139
720575940618975214 49
720575940618978645 114
720575940618995510 142
720575940619029680 143
720575940619038493 42
720575940619146053 144
720575940619169414 36
720575940619176094 138
720575940619230288 145
720575940619245016 146
720575940619321157 73
720575940619369688 77
720575940619382577 147
720575940619419457 148
720575940619471525 16
720575940619485424 139
720575940619564854 137
720575940619575979 3
720575940619595391 95
720575940619637056 149
720575940619689920 150
720575940619773008 50
720575940619775860 151
720575940619791469 152
720575940619828091 111
720575940619896711 72
720575940619899668 30
720575940619940693 76
720575940619969462 14
720575940620041837 98
720575940620096065 153
720575940620103595 154
720575940620158843 155
720575940620205225 61
720575940620212206 133
720575940620243476 156
720575940620245696 104
720575940620290992 65
720575940620321728 103
720575940620324613 157
720575940620356545 87
720575940620373469 18
720575940620464321 109
720575940620534744 57
720575940620561840 55
720575940620572592 158
720575940620597232 90
720575940620640124 134
720575940620658267 100
720575940620695423 134
720575940620716897 41
720575940620736422 159
720575940620802836 148
720575940620812353 160
720575940620868432 161
720575940620904614 162
720575940620933835 163
720575940621007952 164
720575940621025037 165
720575940621112199 166
720575940621123617 84
720575940621164148 16
720575940621201833 162
720575940621213556 72
720575940621260201 167
720575940621432926 168
720575940621435045 61
720575940621457690 78
720575940621510825 41
720575940621588139 169
720575940621613082 170
720575940621651327 171
720575940621656816 89
720575940621662332 80
720575940621664495 172
720575940621665263 91
720575940621667711 173
720575940621680774 174
720575940621720837 133
720575940621829302 124
720575940621895382 65
720575940621903896 175
720575940621904823 176
720575940622000422 177
720575940622022071 178
720575940622044394 135
720575940622094728 61
720575940622095228 169
720575940622151704 91
720575940622219190 179
720575940622263873 180
720575940622329357 181
720575940622366221 182
720575940622400648 183
720575940622424649 48
720575940622446341 184
720575940622497032 165
720575940622499879 185
720575940622535465 20
720575940622539411 65
720575940622629011 186
720575940622674835 106
720575940622679590 92
720575940622771811 41
720575940622775443 187
720575940622783752 106
720575940622790661 36
720575940622791429 101
720575940622869799 99
720575940622892045 30
720575940622943731 188
720575940622962440 189
720575940623001480 19
720575940623002805 14
720575940623069001 190
720575940623120222 137
720575940623139341 50
720575940623160583 191
720575940623191073 118
720575940623191625 37
720575940623213799 192
720575940623217577 146
720575940623231527 16
720575940623305963 36
720575940623333964 140
720575940623336316 193
720575940623370421 71
720575940623396548 61
720575940623426013 194
720575940623497340 195
720575940623503318 196
720575940623562172 197
720575940623579371 198
720575940623613149 148
720575940623687757 26
720575940623696136 199
720575940623697671 200
720575940623817223 112
720575940623862015 55
720575940623905719 19
720575940623943677 201
720575940623953845 67
720575940624049214 29
720575940624075507 106
720575940624106776 36
720575940624112152 160
720575940624199721 41
720575940624200679 16
720575940624206728 160
720575940624273957 86
720575940624280328 102
720575940624283882 202
720575940624295096 54
720575940624331016 41
720575940624344072 62
720575940624377018 23
720575940624383892 203
720575940624394790 204
720575940624426680 205
720575940624434360 138
720575940624534972 55
720575940624544748 67
720575940624585459 104
720575940624678733 119
720575940624743096 91
720575940624745203 79
720575940624799490 79
720575940624824248 110
720575940624882190 206
720575940624890296 190
720575940624920604 35
720575940624983054 207
720575940625003045 208
720575940625019454 36
720575940625021733 209
720575940625032171 97
720575940625034170 152
720575940625044784 94
720575940625067294 4
720575940625067593 201
720575940625069701 210
720575940625083061 211
720575940625084474 16
720575940625099278 121
720575940625106224 10
720575940625118096 162
720575940625137456 212
720575940625216954 47
720575940625240653 213
720575940625327034 214
720575940625408133 215
720575940625470526 27
720575940625510402 131
720575940625559908 67
720575940625613555 23
720575940625643909 104
720575940625690768 216
720575940625713033 131
720575940625726089 217
720575940625730562 106
720575940625736281 61
720575940625741287 76
720575940625764154 131
720575940625810324 183
720575940625813447 36
720575940625897572 218
720575940625907077 158
720575940625909991 219
720575940625922855 220
720575940625954291 186
720575940625976409 221
720575940626050599 67
720575940626051514 149
720575940626088281 10
720575940626089368 106
720575940626112062 194
720575940626117662 16
720575940626145636 144
720575940626146052 16
720575940626203394 222
720575940626232153 223
720575940626363529 161
720575940626500745 76
720575940626507027 9
720575940626524056 40
720575940626530953 2
720575940626544003 183
720575940626599420 68
720575940626650890 49
720575940626732560 136
720575940626741379 103
720575940626768442 59
720575940626806046 12
720575940626887198 6
720575940626902602 5
720575940626953063 87
720575940627047185 88
720575940627081534 66
720575940627168784 224
720575940627281594 55
720575940627309322 65
720575940627367708 66
720575940627388401 213
720575940627389639 117
720575940627417064 225
720575940627426835 136
720575940627447068 31
720575940627447427 223
720575940627463043 107
720575940627484181 103
720575940627490065 226
720575940627525378 133
720575940627572349 36
720575940627599815 71
720575940627617866 54
720575940627680911 104
720575940627683588 204
720575940627790991 174
720575940627866628 183
720575940627892935 61
720575940628001512 8
720575940628017563 16
720575940628074365 88
720575940628093309 162
720575940628208940 32
720575940628210887 122
720575940628238023 104
720575940628239183 202
720575940628245291 80
720575940628247084 227
720575940628249938 140
720575940628327228 228
720575940628342171 19
720575940628347654 229
720575940628360506 115
720575940628374377 115
720575940628445242 10
720575940628449639 230
720575940628510480 67
720575940628577383 231
720575940628695056 232
720575940628706325 180
720575940628716926 161
720575940628717585 41
720575940628725071 233
720575940628757110 36
720575940628805448 93
720575940628883535 128
720575940628901750 188
720575940628928772 54
720575940628931292 16
720575940628949886 8
720575940628953083 234
720575940629032791 235
720575940629043070 236
720575940629047162 115
720575940629067163 173
720575940629139834 104
720575940629229506 233
720575940629242428 164
720575940629259095 16
720575940629330426 223
720575940629342720 36
720575940629378903 8
720575940629413962 237
720575940629428695 166
720575940629430546 238
720575940629430978 80
720575940629432394 220
720575940629439994 71
720575940629446138 115
720575940629510518 4
720575940629547836 153
720575940629698012 198
720575940629701881 161
720575940629730934 80
720575940629789310 36
720575940629791288 226
720575940629822842 171
720575940629835727 110
720575940629846265 229
720575940629852163 209
720575940629860395 239
720575940629896764 41
720575940629897260 60
720575940629951481 44
720575940629964856 227
720575940630003195 147
720575940630034944 60
720575940630052546 169
720575940630075703 232
720575940630106309 55
720575940630165007 213
720575940630244763 104
720575940630269689 240
720575940630311383 241
720575940630321605 242
720575940630324620 104
720575940630347628 219
720575940630357110 220
720575940630362179 36
720575940630374219 14
720575940630387730 207
720575940630403031 154
720575940630470518 122
720575940630506358 203
720575940630539535 104
720575940630571148 14
720575940630629540 243
720575940630644727 107
720575940630655786 209
720575940630658627 244
720575940630669562 80
720575940630692986 110
720575940630703691 104
720575940630761854 200
720575940630799059 80
720575940630812663 245
720575940630831524 246
720575940630882263 111
720575940630901719 50
720575940630910199 218
720575940630930373 178
720575940630969939 247
720575940630981906 80
720575940631051851 110
720575940631069184 209
720575940631071559 203
720575940631082819 248
720575940631091407 222
720575940631122191 249
720575940631126189 250
720575940631188039 73
720575940631235665 36
720575940631275050 44
720575940631311443 5
720575940631320168 71
720575940631347242 24
720575940631428781 30
720575940631457388 224
720575940631458733 16
720575940631511436 60
720575940631527016 143
720575940631595603 244
720575940631608623 184
720575940631623417 49
720575940631625979 129
720575940631631929 251
720575940631639778 32
720575940631667281 215
720575940631673484 74
720575940631708973 252
720575940631711993 36
720575940631847763 70
720575940631851404 61
720575940631940377 69
720575940631989473 36
720575940631993159 253
720575940632042148 85
720575940632059309 238
720575940632171857 182
720575940632192676 254
720575940632373023 162
720575940632397891 210
720575940632407567 38
720575940632547423 125
720575940632589664 47
720575940632615507 123
720575940632672156 65
720575940632674912 255
720575940632731705 10
720575940632735545 233
720575940632749212 90
720575940632894946 22
720575940632943277 107
720575940632993336 10
720575940632998114 240
720575940633021338 118
720575940633094495 29
720575940633150767 256
720575940633292057 88
720575940633367889 2
720575940633401336 49
720575940633615820 257
720575940633616588 101
720575940633660386 67
720575940633705636 179
720575940633744632 253
720575940633744791 205
720575940633786007 24
720575940633803711 240
720575940633813856 133
720575940633893401 6
720575940633900896 110
720575940633903897 141
720575940634017619 36
720575940634103671 61
720575940634113687 97
720575940634139799 258
720575940634316139 145
720575940634356831 148
720575940634400631 259
720575940634412407 214
720575940634464352 203
720575940634498167 260
720575940634525792 258
720575940634666977 110
720575940634736538 101
720575940634776511 168
720575940634796951 261
720575940634866586 11
720575940635033023 262
720575940635102832 158
720575940635202204 179
720575940635508984 263
720575940635515744 8
720575940635539607 219
720575940635565175 78
720575940635583607 84
720575940635606167 159
720575940635703191 231
720575940635727735 120
720575940635802991 147
720575940635838655 169
720575940635887984 264
720575940635984239 265
720575940636111735 21
720575940636119988 178
720575940636124011 192
720575940636311130 4
720575940636351845 16
720575940636390542 266
720575940636491631 262
720575940636574388 102
720575940636609370 251
720575940636861406 267
720575940636938980 110
720575940636985822 268
720575940636992368 162
720575940636999280 173
720575940637002462 186
720575940637002724 269
720575940637079407 102
720575940637091674 167
720575940637120346 95
720575940637200503 91
720575940637317053 104
720575940637354815 270
720575940637435113 271
720575940637478077 272
720575940637658981 68
720575940637688030 18
720575940637711686 55
720575940637961449 36
720575940638136117 207
720575940638168639 80
720575940638201919 55
720575940638204132 55
720575940638285696 270
720575940638319686 234
720575940638336419 172
720575940638505798 70
720575940638616030 257
720575940638638670 27
720575940638660597 36
720575940638699069 110
720575940638734158 264
720575940638964824 236
720575940639007395 273
720575940639171044 156
720575940639293312 16
720575940639428515 24
720575940639751376 61
720575940640150235 132
720575940640460496 30
720575940640645949 16
720575940640757107 228
720575940640757467 153
720575940640791504 125
720575940640819544 274
720575940640869795 15
720575940641148405 49
720575940641386203 7
720575940641447387 24
720575940641450656 241
720575940641557133 5
720575940641560205 97
720575940641592461 16
720575940641681104 131
720575940641780187 8
720575940641953933 275
720575940642049736 253
720575940642489288 98
720575940642615515 147
720575940642617544 101
720575940642926372 276
720575940643103511 277
720575940643996196 198
720575940644327022 278
720575940644541600 173
720575940644570932 279
720575940644620579 82
720575940644639342 249
720575940644651556 111
720575940645771811 65
720575940645869188 82
720575940645972276 194
720575940646068020 222
720575940646407476 86
720575940646518382 245
720575940646609716 15
720575940646735156 254
720575940647079715 240
720575940647272836 104
720575940647836793 10
720575940648397177 147
720575940650929273 182
720575940651928566 69
720575940652202486 280
720575940653093025 281
720575940655011489 166
720575940659170433 201
