720575940602703072 1
720575940603201452 2
720575940603980256 3
720575940604033708 4
720575940604064958 5
720575940604088288 6
720575940604821950 7
720575940605158065 8
720575940605226673 9
720575940605307936 10
720575940605420902 11
720575940606264422 12
720575940606573490 13
720575940606628274 14
720575940606694758 15
720575940606764041 16
720575940606776585 4
720575940606913202 17
720575940607249365 18
720575940607557315 19
720575940607567881 20
720575940607575051 21
720575940607988745 22
720575940608216132 23
720575940608462684 16
720575940608529710 8
720575940608836291 16
720575940608886741 24
720575940608908100 7
720575940609088978 20
720575940609462626 25
720575940609718990 26
720575940609768345 7
720575940610008132 27
720575940610237134 28
720575940610318450 29
720575940610354274 30
720575940610355042 31
720575940610435441 32
720575940610469986 33
720575940610491694 34
720575940610505006 25
720575940610517443 21
720575940610537170 20
720575940610567577 35
720575940610585753 17
720575940610696654 36
720575940610704078 37
720575940610831058 21
720575940610864338 20
720575940610868578 38
720575940611048154 29
720575940611108676 25
720575940611160755 39
720575940611176362 37
720575940611197658 25
720575940611229298 40
720575940611376346 41
720575940611400434 42
720575940611418574 8
720575940611428977 13
720575940611443941 4
720575940611477683 13
720575940611549363 41
720575940611567918 25
720575940611617838 29
720575940611646962 43
720575940611698674 20
720575940611720165 16
720575940611811794 44
720575940611813330 16
720575940611872149 2
720575940611967658 7
720575940612030899 41
720575940612044750 45
720575940612065394 7
720575940612113635 46
720575940612170981 23
720575940612279538 21
720575940612281586 13
720575940612291682 7
720575940612302042 23
720575940612303102 16
720575940612321122 41
720575940612424362 47
720575940612456359 29
720575940612488142 23
720575940612488341 6
720575940612490958 34
720575940612572131 8
720575940612624753 48
720575940612630434 20
720575940612710371 29
720575940612712354 29
720575940612763250 49
720575940612854634 50
720575940612920214 51
720575940613038819 34
720575940613071313 43
720575940613126618 29
720575940613202322 41
720575940613458403 2
720575940613463471 21
720575940613481282 29
720575940613518092 52
720575940613524647 16
720575940613542055 20
720575940613635737 13
720575940613685162 14
720575940613749702 17
720575940613863731 13
720575940613944994 20
720575940613992657 20
720575940614009553 20
720575940614109586 20
720575940614137907 17
720575940614153937 2
720575940614305386 8
720575940614310050 52
720575940614365346 34
720575940614546942 53
720575940614684822 21
720575940614738956 54
720575940614742028 20
720575940614968287 14
720575940615054888 41
720575940615086698 41
720575940615109563 11
720575940615126578 20
720575940615160239 13
720575940615171003 2
720575940615305414 21
720575940615389087 7
720575940615480610 29
720575940615631266 8
720575940615647500 13
720575940615689634 55
720575940615775574 7
720575940615879325 7
720575940615918593 7
720575940615953202 56
720575940616071563 20
720575940616131414 16
720575940616133789 27
720575940616195412 8
720575940616200790 8
720575940616265077 29
720575940616271700 49
720575940616293889 8
720575940616342582 57
720575940616370065 8
720575940616411805 23
720575940616423647 23
720575940616429825 13
720575940616483284 20
720575940616483414 8
720575940616563668 29
720575940616621497 58
720575940616776633 19
720575940616885597 13
720575940616977822 4
720575940617024562 1
720575940617130068 41
720575940617272098 59
720575940617280657 25
720575940617281025 2
720575940617296029 60
720575940617338196 61
720575940617425593 29
720575940617496861 29
720575940617551409 17
720575940617559041 62
720575940617562072 29
720575940617616155 63
720575940617628789 41
720575940617630182 13
720575940617648453 8
720575940617677381 41
720575940617716893 25
720575940617720577 48
720575940617792985 13
720575940617839440 64
720575940617844509 15
720575940617853986 45
720575940617868249 41
720575940617871131 41
720575940617924181 65
720575940617955099 13
720575940617974941 20
720575940618029396 29
720575940618056350 14
720575940618132017 41
720575940618170526 21
720575940618176769 41
720575940618216862 20
720575940618263365 23
720575940618364480 52
720575940618395205 48
720575940618439569 21
720575940618463960 4
720575940618489108 5
720575940618563664 8
720575940618571200 29
720575940618589158 29
720575940618642054 66
720575940618670296 3
720575940618694480 17
720575940618718235 20
720575940618857083 20
720575940618907376 63
720575940618957825 2
720575940618975214 21
720575940618978645 23
720575940618995510 67
720575940619029680 68
720575940619038493 25
720575940619146053 29
720575940619169414 29
720575940619176094 2
720575940619230288 63
720575940619245016 13
720575940619321157 7
720575940619369688 20
720575940619382577 41
720575940619419457 8
720575940619471525 16
720575940619485424 66
720575940619564854 13
720575940619575979 3
720575940619595391 8
720575940619637056 41
720575940619689920 68
720575940619773008 20
720575940619775860 16
720575940619791469 21
720575940619828091 27
720575940619896711 13
720575940619899668 20
720575940619940693 23
720575940619969462 14
720575940620041837 54
720575940620096065 7
720575940620103595 69
720575940620158843 34
720575940620205225 41
720575940620212206 20
720575940620243476 70
720575940620245696 21
720575940620290992 7
720575940620321728 2
720575940620324613 71
720575940620356545 52
720575940620373469 2
720575940620464321 56
720575940620534744 41
720575940620561840 25
720575940620572592 72
720575940620597232 14
720575940620640124 37
720575940620658267 20
720575940620695423 26
720575940620716897 34
720575940620736422 8
720575940620802836 7
720575940620812353 13
720575940620868432 45
720575940620904614 45
720575940620933835 73
720575940621007952 16
720575940621025037 40
720575940621112199 41
720575940621123617 7
720575940621164148 16
720575940621201833 33
720575940621213556 13
720575940621260201 74
720575940621432926 14
720575940621435045 41
720575940621457690 8
720575940621510825 34
720575940621588139 13
720575940621613082 75
720575940621651327 76
720575940621656816 41
720575940621662332 20
720575940621664495 77
720575940621665263 17
720575940621667711 13
720575940621680774 17
720575940621720837 20
720575940621829302 41
720575940621895382 18
720575940621903896 16
720575940621904823 78
720575940622000422 16
720575940622022071 79
720575940622044394 41
720575940622094728 41
720575940622095228 41
720575940622151704 17
720575940622219190 2
720575940622263873 25
720575940622329357 20
720575940622366221 41
720575940622400648 41
720575940622424649 37
720575940622446341 45
720575940622497032 40
720575940622499879 17
720575940622535465 19
720575940622539411 7
720575940622629011 80
720575940622674835 29
720575940622679590 20
720575940622771811 34
720575940622775443 81
720575940622783752 29
720575940622790661 29
720575940622791429 11
720575940622869799 41
720575940622892045 20
720575940622943731 26
720575940622962440 16
720575940623001480 18
720575940623002805 14
720575940623069001 25
720575940623120222 13
720575940623139341 20
720575940623160583 82
720575940623191073 83
720575940623191625 30
720575940623213799 84
720575940623217577 13
720575940623231527 16
720575940623305963 29
720575940623333964 17
720575940623336316 85
720575940623370421 41
720575940623396548 41
720575940623426013 48
720575940623497340 86
720575940623503318 87
720575940623562172 9
720575940623579371 88
720575940623613149 7
720575940623687757 8
720575940623696136 89
720575940623697671 8
720575940623817223 8
720575940623862015 25
720575940623905719 18
720575940623943677 16
720575940623953845 45
720575940624049214 7
720575940624075507 29
720575940624106776 29
720575940624112152 13
720575940624199721 34
720575940624200679 16
720575940624206728 13
720575940624273957 21
720575940624280328 13
720575940624283882 7
720575940624295096 37
720575940624331016 34
720575940624344072 43
720575940624377018 22
720575940624383892 13
720575940624394790 13
720575940624426680 25
720575940624434360 17
720575940624534972 25
720575940624544748 45
720575940624585459 21
720575940624678733 41
720575940624743096 8
720575940624745203 58
720575940624799490 13
720575940624824248 8
720575940624882190 16
720575940624890296 25
720575940624920604 28
720575940624983054 20
720575940625003045 90
720575940625019454 29
720575940625021733 62
720575940625032171 21
720575940625034170 21
720575940625044784 48
720575940625067294 4
720575940625067593 16
720575940625069701 88
720575940625083061 14
720575940625084474 16
720575940625099278 60
720575940625106224 14
720575940625118096 45
720575940625137456 29
720575940625216954 36
720575940625240653 16
720575940625327034 50
720575940625408133 49
720575940625470526 16
720575940625510402 15
720575940625559908 45
720575940625613555 22
720575940625643909 21
720575940625690768 91
720575940625713033 15
720575940625726089 92
720575940625730562 29
720575940625736281 41
720575940625741287 23
720575940625764154 15
720575940625810324 41
720575940625813447 29
720575940625897572 7
720575940625907077 72
720575940625909991 41
720575940625922855 8
720575940625954291 80
720575940625976409 29
720575940626050599 16
720575940626051514 41
720575940626088281 14
720575940626089368 29
720575940626112062 48
720575940626117662 16
720575940626145636 29
720575940626146052 16
720575940626203394 48
720575940626232153 17
720575940626363529 13
720575940626500745 23
720575940626507027 15
720575940626524056 33
720575940626530953 93
720575940626544003 17
720575940626599420 7
720575940626650890 21
720575940626732560 20
720575940626741379 94
720575940626768442 13
720575940626806046 12
720575940626887198 2
720575940626902602 5
720575940626953063 52
720575940627047185 18
720575940627081534 41
720575940627168784 95
720575940627281594 25
720575940627309322 7
720575940627367708 41
720575940627388401 16
720575940627389639 58
720575940627417064 96
720575940627426835 20
720575940627447068 25
720575940627447427 17
720575940627463043 20
720575940627484181 2
720575940627490065 97
720575940627525378 41
720575940627572349 20
720575940627599815 41
720575940627617866 37
720575940627680911 21
720575940627683588 13
720575940627790991 17
720575940627866628 41
720575940627892935 41
720575940628001512 8
720575940628017563 16
720575940628074365 16
720575940628093309 33
720575940628208940 26
720575940628210887 41
720575940628238023 21
720575940628239183 7
720575940628245291 20
720575940628247084 54
720575940628249938 3
720575940628327228 23
720575940628342171 18
720575940628347654 58
720575940628360506 41
720575940628374377 41
720575940628445242 10
720575940628449639 21
720575940628510480 45
720575940628577383 16
720575940628695056 41
720575940628706325 25
720575940628716926 45
720575940628717585 34
720575940628725071 14
720575940628757110 29
720575940628805448 41
720575940628883535 25
720575940628901750 26
720575940628928772 37
720575940628931292 16
720575940628949886 8
720575940628953083 98
720575940629032791 99
720575940629043070 100
720575940629047162 41
720575940629067163 13
720575940629139834 21
720575940629229506 14
720575940629242428 16
720575940629259095 16
720575940629330426 2
720575940629342720 29
720575940629378903 8
720575940629413962 101
720575940629428695 16
720575940629430546 17
720575940629430978 20
720575940629432394 102
720575940629439994 41
720575940629446138 41
720575940629510518 5
720575940629547836 16
720575940629698012 8
720575940629701881 2
720575940629730934 20
720575940629789310 29
720575940629791288 8
720575940629822842 76
720575940629835727 20
720575940629846265 58
720575940629852163 11
720575940629860395 54
720575940629896764 34
720575940629897260 8
720575940629951481 20
720575940629964856 5
720575940630003195 41
720575940630034944 13
720575940630052546 13
720575940630075703 41
720575940630106309 25
720575940630165007 16
720575940630244763 21
720575940630269689 49
720575940630311383 63
720575940630321605 15
720575940630324620 21
720575940630347628 42
720575940630357110 47
720575940630362179 29
720575940630374219 14
720575940630387730 94
720575940630403031 69
720575940630470518 41
720575940630506358 13
720575940630539535 21
720575940630571148 14
720575940630629540 17
720575940630644727 8
720575940630655786 62
720575940630658627 103
720575940630669562 13
720575940630692986 20
720575940630703691 21
720575940630761854 16
720575940630799059 20
720575940630812663 11
720575940630831524 104
720575940630882263 29
720575940630901719 20
720575940630910199 105
720575940630930373 79
720575940630969939 106
720575940630981906 20
720575940631051851 20
720575940631069184 62
720575940631071559 13
720575940631082819 107
720575940631091407 25
720575940631122191 48
720575940631126189 108
720575940631188039 7
720575940631235665 29
720575940631275050 20
720575940631311443 5
720575940631320168 41
720575940631347242 41
720575940631428781 20
720575940631457388 62
720575940631458733 16
720575940631511436 13
720575940631527016 68
720575940631595603 20
720575940631608623 2
720575940631623417 21
720575940631625979 48
720575940631631929 104
720575940631639778 26
720575940631667281 49
720575940631673484 23
720575940631708973 8
720575940631711993 29
720575940631847763 23
720575940631851404 41
720575940631940377 68
720575940631989473 29
720575940631993159 41
720575940632042148 2
720575940632059309 17
720575940632171857 41
720575940632192676 13
720575940632373023 13
720575940632397891 88
720575940632407567 31
720575940632547423 29
720575940632589664 36
720575940632615507 29
720575940632672156 7
720575940632674912 109
720575940632731705 10
720575940632735545 14
720575940632749212 14
720575940632894946 21
720575940632943277 8
720575940632993336 10
720575940632998114 20
720575940633021338 7
720575940633094495 7
720575940633150767 110
720575940633292057 16
720575940633367889 6
720575940633401336 21
720575940633615820 14
720575940633616588 11
720575940633660386 45
720575940633705636 2
720575940633744632 20
720575940633744791 66
720575940633786007 41
720575940633803711 49
720575940633813856 20
720575940633893401 6
720575940633900896 11
720575940633903897 63
720575940634017619 29
720575940634103671 41
720575940634113687 21
720575940634139799 48
720575940634316139 63
720575940634356831 7
720575940634400631 111
720575940634412407 50
720575940634464352 13
720575940634498167 16
720575940634525792 48
720575940634666977 20
720575940634736538 11
720575940634776511 16
720575940634796951 112
720575940634866586 11
720575940635033023 47
720575940635102832 72
720575940635202204 2
720575940635508984 17
720575940635515744 8
720575940635539607 42
720575940635565175 8
720575940635583607 23
720575940635606167 95
720575940635703191 16
720575940635727735 59
720575940635802991 41
720575940635838655 13
720575940635887984 41
720575940635984239 34
720575940636111735 20
720575940636119988 79
720575940636124011 84
720575940636311130 4
720575940636351845 16
720575940636390542 113
720575940636491631 47
720575940636574388 13
720575940636609370 104
720575940636861406 114
720575940636938980 16
720575940636985822 115
720575940636992368 13
720575940636999280 13
720575940637002462 80
720575940637002724 116
720575940637079407 13
720575940637091674 74
720575940637120346 8
720575940637200503 16
720575940637317053 21
720575940637354815 65
720575940637435113 50
720575940637478077 117
720575940637658981 16
720575940637688030 17
720575940637711686 25
720575940637961449 29
720575940638136117 94
720575940638168639 20
720575940638201919 25
720575940638204132 25
720575940638285696 65
720575940638319686 98
720575940638336419 77
720575940638505798 23
720575940638616030 14
720575940638638670 16
720575940638660597 29
720575940638699069 8
720575940638734158 29
720575940638964824 100
720575940639007395 88
720575940639171044 70
720575940639293312 16
720575940639428515 41
720575940639751376 41
720575940640150235 65
720575940640460496 20
720575940640645949 16
720575940640757107 23
720575940640757467 16
720575940640791504 29
720575940640819544 118
720575940640869795 119
720575940641148405 21
720575940641386203 41
720575940641447387 41
720575940641450656 63
720575940641557133 5
720575940641560205 21
720575940641592461 16
720575940641681104 13
720575940641780187 8
720575940641953933 16
720575940642049736 41
720575940642489288 54
720575940642615515 41
720575940642617544 11
720575940642926372 120
720575940643103511 10
720575940643996196 88
720575940644327022 121
720575940644541600 13
720575940644570932 122
720575940644620579 51
720575940644639342 48
720575940644651556 27
720575940645771811 7
720575940645869188 51
720575940645972276 48
720575940646068020 2
720575940646407476 7
720575940646518382 11
720575940646609716 23
720575940646735156 23
720575940647079715 20
720575940647272836 21
720575940647836793 10
720575940648397177 41
720575940650929273 41
720575940651928566 2
720575940652202486 123
720575940653093025 20
720575940655011489 41
720575940659170433 16
